0
0
0
0
0
0
0
0
0
0
0
0
0
0
0
0
0
0
0
0
0
0
0
0
0
0
0
0
0
0
0
0
0
0
0
0
0
0
0
0
0
0
0
0
0
0
0
0
0
0
0
0
0
0
0
0
0
0
0
0
0
0
0
0
0
0
0
0
0
0
0
0
0
0
0
0
0
0
0
0
0
0
0
0
0
0
0
0
0
0
0
0
0
0
0
0
0
0
0.215939
0.801207
0.357954
0.0405862
0
0
0
0
0
0
0
0
0
0
0
0
0
0
0
0
0
0
0
0
0
0
0
0
0.31317
0.847224
0.824801
0.344216
0
0
0
0
0
0
0
0
0
0
0
0
0
0
0
0
0
0
0
0
0
0
0
0.0314817
0.439065
0.97773
0.949971
0.429203
0
0
0
0
0
0
0
0
0
0
0
0
0
0
0
0
0
0
0.147605
0.584931
0.189033
0
0
0.0984034
0.697706
0.9675
0.942955
0.297445
0.0195197
0
0
0
0
0
0
0
0
0
0
0
0
0
0
0
0
0
0.218839
0.728323
0.694981
0.142171
0
0.234359
0.752018
0.996078
0.77724
0.267756
0
0
0
0
0
0
0
0
0
0
0
0
0
0
0
0
0
0.00902477
0.211862
0.97731
0.958576
0.345187
0.00272842
0.094845
0.877304
0.990412
0.846961
0.0779455
0
0
0
0
0
0
0
0
0
0
0
0
0
0
0
0
0
0
0.362606
0.852885
0.992157
0.333887
0.0192489
0.301242
0.827975
0.994946
0.652997
0.14833
0
0
0
0
0
0
0
0
0
0
0
0
0
0
0
0
0
0.0738025
0.483633
0.97731
0.942955
0.541907
0
0.299551
0.878332
0.993604
0.697974
0.118774
0
0
0
0
0
0
0
0
0
0
0
0
0
0
0
0
0.00272842
0.118856
0.740364
0.995344
0.951522
0.320597
0.00755562
0.301452
0.996078
0.986214
0.610661
0
0
0
0
0
0
0
0
0
0
0
0
0
0
0
0
0
0
0.295277
0.817917
0.993394
0.570716
0.118774
0
0.50734
0.912974
0.992157
0.517029
0.0940295
0
0
0
0
0
0
0
0
0
0
0
0
0
0
0
0
0.0255012
0.337575
0.895482
0.931654
0.543436
0.0232146
0.0429494
0.406004
0.961204
0.946523
0.576968
0.0527423
0.0889589
0.0941177
0.0619056
0
0
0
0
0
0
0
0
0
0
0
0
0
0
0.454902
0.992157
0.996078
0.776471
0.364706
0.364706
0.666667
0.992157
0.992157
0.992157
0.823529
0.968628
0.992157
0.992157
0.72549
0.0666667
0
0
0
0
0
0
0
0
0
0
0
0
0.29921
0.810859
0.998658
0.997421
0.996078
0.996078
0.996078
0.996078
0.996078
0.996078
0.996078
0.996078
0.996078
0.996078
0.8181
0.271516
0.0120795
0
0
0
0
0
0
0
0
0
0
0
0.0655732
0.32538
0.711539
0.994841
0.992157
0.992157
0.993394
0.994841
0.903076
0.65784
0.515405
0.45098
0.441083
0.315681
0.0728749
0.024159
0
0
0
0
0
0
0
0
0
0
0
0
0
0
0
0.175565
0.245275
0.697421
0.984601
0.995974
0.782347
0.0551276
0.000944452
0
0
0
0
0
0
0
0
0
0
0
0
0
0
0
0
0
0
0
0
0
0
0.141044
0.708524
0.930295
0.367058
0.0217066
0
0
0
0
0
0
0
0
0
0
0
0
0
0
0
0
0
0
0
0
0
0
0.0339687
0.352031
0.948661
0.746974
0.0948354
0
0
0
0
0
0
0
0
0
0
0
0
0
0
0
0
0
0
0
0
0
0
0
0
0.360034
0.940857
0.567975
0.0291731
0
0
0
0
0
0
0
0
0
0
0
0
0
0
0
0
0
0
0
0
0
0
0
0.135063
0.638196
0.905065
0.356971
0
0
0
0
0
0
0
0
0
0
0
0
0
0
0
0
0
0
0
0
0
0
0
0
0.13972
0.653534
0.863738
0.37046
0
0
0
0
0
0
0
0
0
0
0
0
0
0
0
0
0
0
0
0
0
0
0
0
0
0
0
0
0
0
0
0
0
0
0
0
0
0
0
0
0
0
0
0
0
0
0
0
0
0
0
0
0
0
0
0
0
0
0
0
0
0
0
0
0
0
0
0
0
0
0
0
0
0
0
0
0
0
0
0
0
0
0
0
0
0
0
0
0
0
0
0
0
0
0
0
0
0
0
0
0
0
0
0
0
0
0
0
0
0
0
0
0
0
0
0
0
0
0
0
0
0
0
0
0
0
0
0
0
0
0
0
0
0
0
0
0
0
0
0
0
0
0
0
0
0
0
0
0
0
0
0
0
