-1.708850816278e+00 -3.083048322845e+00 -1.476458536816e+00 2.820815763703e+00 -1.662022345712e+00 -1.565250157275e+00 -1.810180167732e+00 -2.166486919848e+00 -2.126563200811e+00 -2.460912457466e+00
-1.902149138671e+00 -5.008669362462e+00 -2.780770473046e+00 -1.516274858280e+00 1.137084528996e+00 -3.001982559817e+00 -3.133739121250e+00 -3.874836159345e+00 -1.143360109438e+00 -1.368485543707e-01
-3.091100123085e+00 -8.103883430150e+00 -4.630595080511e+00 -2.985850661401e+00 -4.378500619588e+00 -7.961821924140e+00 -5.066976935862e+00 -6.241370489015e+00 -3.063141169181e+00 5.874807403891e+00
-4.238789878820e+00 -9.010476825467e+00 -5.098858934636e+00 -3.477329984309e+00 -5.178821869221e+00 -4.920070840567e+00 -5.412768549391e+00 -9.054224212268e+00 4.484369124690e+00 -3.984942961473e+00
-2.200696077714e+00 -5.172796783410e+00 -3.269702786430e+00 -3.037142410678e+00 5.144933465503e+00 -4.211410217344e+00 -3.252634313547e+00 -3.744881331969e+00 -3.253204581962e+00 -2.754197542892e+00
-1.870491941029e+00 4.012038702388e+00 -2.725380610143e+00 -2.380759645773e+00 -2.597027439174e+00 -4.141742089765e+00 -3.061412510769e+00 -3.155124440637e+00 -2.455553291678e+00 -3.018026611074e+00
3.111890403608e+00 -3.799360367504e+00 -2.574682831963e+00 -4.704279678384e+00 -3.291439052812e+00 -2.082964720488e+00 -1.574946724320e+00 -3.498188548218e+00 -3.266785077630e+00 -4.553217711852e+00
-3.653604527386e+00 -5.960405646245e+00 -3.052270387009e+00 -2.807257038379e+00 -4.102914507273e+00 -5.066666598565e+00 6.202920643484e+00 -6.423076889837e+00 -3.790852444599e+00 -6.263804970946e+00
3.471656000847e+00 -5.560563428443e+00 -3.413951836772e+00 -6.165225653316e+00 -3.937763885221e+00 -3.520695953949e+00 -2.892769479874e+00 -3.315370510482e+00 -3.228314289198e+00 -3.077579682385e+00
-2.219521003810e+00 -4.728473053921e+00 -2.832274892433e+00 -3.041983499359e+00 -8.626895343196e-01 -3.689251711571e+00 -3.372145717976e+00 -2.812571088786e+00 -2.485871642069e+00 2.173043158991e+00
-2.746312730517e+00 -6.377467887244e+00 -3.397330207170e+00 -3.691985403700e+00 -2.941925169565e+00 -5.222021692655e+00 7.325968300379e+00 -5.397883667467e+00 -4.603844320790e+00 -4.811786504171e+00
-1.300266384988e+00 -2.674321089393e+00 -2.111462087571e+00 -1.388696950198e+00 -2.303112622642e+00 -1.398397646619e+00 -2.127085822648e+00 -2.885406535823e+00 1.453233687478e+00 -2.360803232588e+00
-2.212009522313e+00 -3.514042103621e+00 -2.129950595746e+00 -2.396192679043e+00 -1.885187921597e+00 -3.496709678786e+00 3.595149528371e+00 -3.322022907384e+00 -3.333675692196e+00 -4.817564891330e+00
-1.633208902072e+00 3.919367705407e+00 -2.444617466370e+00 -2.471292425291e+00 -1.869423879494e+00 -2.886636432263e+00 -2.738434490583e+00 -3.066366420558e+00 -2.282691846694e+00 -2.910323634909e+00
-1.796543820075e+00 4.010399915418e+00 -2.211243245497e+00 -2.523788514093e+00 -2.590614481889e+00 -4.415978211457e+00 -2.923927715190e+00 -2.971581150923e+00 -2.526335874641e+00 -2.967129460677e+00
-1.887377840789e+00 -5.684849912959e+00 -3.041814199988e+00 -1.801992615111e+00 -1.392242260759e+00 -4.244688171542e+00 -2.859533148560e+00 -4.382595707370e+00 -1.957849707585e+00 1.933330504094e+00
-2.923382166889e+00 -5.145746916019e+00 -3.039243008650e+00 -4.219730073274e+00 -4.927034086425e+00 -3.558704238293e+00 -2.728287642915e+00 -7.005921060422e+00 3.356266910433e+00 -4.008803779881e+00
-2.323127695838e+00 -5.994987625502e+00 -3.722881090159e+00 -2.795684322901e+00 -2.248151892242e+00 -4.959041170588e+00 -3.592083370592e+00 -3.401532139248e+00 -1.508733970130e+00 3.584723536507e+00
-2.033132512190e+00 -4.625777441865e+00 4.591872596988e+00 -4.698627334335e+00 -1.330889775774e+00 -5.100677142110e+00 -2.076023853912e+00 -4.756174032018e+00 -3.623399542966e+00 -5.096158791659e+00
-3.228835379730e+00 -3.009210078368e+00 -9.519596695855e-01 1.675703425263e+00 -3.880404761579e+00 -3.239873333668e+00 -3.350605532760e+00 -4.610035109764e+00 -1.379958213639e+00 -2.339860549736e+00
-2.638212243929e+00 -3.344015762061e+00 -3.663601989044e+00 -4.185492931742e+00 -3.811380613613e+00 3.039824878789e+00 -3.368010654895e+00 -4.566930326773e+00 -4.057380678192e-01 -3.633067192578e+00
-3.410696508040e+00 -2.914655530685e+00 -2.860256118059e+00 -2.082198539212e+00 -5.418547510336e+00 3.946505676718e+00 -3.567287217461e+00 -5.394808672537e+00 -2.306615395391e+00 -2.789180485095e+00
-2.274599121313e+00 -4.995797718640e+00 -3.003770013936e+00 -2.663781493210e+00 -2.953953957078e+00 -4.950369142379e+00 -3.340124001728e+00 -3.295036462426e+00 -2.140938588301e+00 3.581812429088e+00
-1.653065433875e+00 -6.137247271893e+00 -3.228150916134e+00 -3.098382149526e+00 3.352725212362e+00 -4.781369583819e+00 -2.777642904289e+00 -2.602467554909e+00 -1.856313093943e+00 -1.959077451010e+00
-3.337124714083e+00 -3.906269713009e+00 3.424562152608e+00 -1.167668252427e+00 -5.246863790372e+00 -4.122432478494e+00 -2.474323297322e+00 -3.614293495039e+00 -3.488979813049e+00 -5.532939297549e+00
-1.883885268227e+00 4.131266815523e+00 -2.289338391808e+00 -2.657237220206e+00 -2.865546446538e+00 -4.425753657253e+00 -3.242278246435e+00 -3.267574365638e+00 -2.863975566375e+00 -2.936779396026e+00
-2.514382652966e+00 -6.585926405453e+00 -3.947265950715e+00 -2.603434614614e+00 -1.302311501619e+00 -6.308177130122e+00 -3.733748258666e+00 -5.028009794735e+00 -3.294744569124e+00 3.076868197168e+00
-1.730976216317e+00 -2.822855801168e+00 -1.769980490383e+00 -1.832252830717e+00 2.392546303243e+00 -2.816828732522e+00 -2.158876114601e+00 -2.427078888167e+00 -1.461489303946e+00 -1.689219734513e+00
-3.454324846910e+00 -3.211739201027e+00 -3.704419273948e+00 2.734202812309e+00 -4.508125267063e+00 -3.333813499348e+00 -3.393496306216e+00 -4.215442952052e+00 -1.635035072969e+00 -3.271194267861e+00
-2.352464472292e+00 -7.701335531005e+00 -4.361217985359e+00 -3.881596345155e+00 -4.008692768551e+00 -6.511651363358e+00 -5.164451191112e+00 -3.872715368280e+00 -2.564028925642e+00 4.518741356203e+00
-2.295227715870e+00 -3.322162090273e+00 -1.968531555578e+00 -1.978137063634e+00 -2.041856302477e+00 -2.302534773972e+00 3.358854880289e+00 -3.970937427110e+00 -2.882830450260e+00 -4.808405440382e+00
7.117543383667e+00 -6.949825523016e+00 -2.925941337843e+00 -8.007208419119e+00 -5.994037834705e+00 -4.339218705605e+00 -3.336772642197e+00 -5.588250922006e+00 -3.544288866546e+00 -6.192100041337e+00
-2.109239365942e+00 -6.019472533209e+00 -3.188337762132e+00 -3.527693719113e+00 3.774119662383e+00 -4.265271625522e+00 -2.897524456157e+00 -3.350452102773e+00 -2.356604690124e+00 -2.422025939715e+00
6.961105041620e+00 -6.620519267669e+00 -3.365388465559e+00 -7.150091298059e+00 -5.708509999979e+00 -3.507298247081e+00 -4.041627905987e+00 -5.687166107807e+00 -3.386133366818e+00 -6.403385697734e+00
-2.073223960005e+00 -5.201445979447e+00 -3.096720132336e+00 -2.424979748210e+00 -3.248902972843e+00 -4.636367697908e+00 6.021623324091e+00 -4.772958489832e+00 -2.659150330786e+00 -4.368388262960e+00
4.951391550240e+00 -8.315566159087e+00 -3.797299632211e+00 -6.089904591178e+00 -7.416181059079e+00 -3.006312339411e+00 -3.278427977128e+00 -4.194355223217e+00 -3.871500957883e+00 -4.281525522187e+00
-1.989360760852e+00 4.251948826787e+00 -3.121360428412e+00 -2.117762786414e+00 -2.790265484526e+00 -4.979002089261e+00 -3.740767344455e+00 -4.221042603690e+00 -2.535528293088e+00 -3.915882131809e+00
-2.941380301067e+00 -4.405572129459e+00 5.610102648684e+00 -3.376850568370e+00 -6.954612195480e+00 -4.548462905451e+00 -3.571092347962e+00 -6.225492116394e+00 -2.774686559206e+00 -6.350192948663e+00
-3.586464835694e+00 -4.393580791118e+00 -1.623916692714e+00 2.868984326465e+00 -5.813813370330e+00 -2.920212196492e+00 -2.565915451988e+00 -6.288911527785e+00 -3.401681410483e+00 -4.808459214204e+00
-1.969125879643e+00 -5.507462057280e+00 -3.417613806092e+00 -3.024284569550e+00 4.279768394293e+00 -4.690273212666e+00 -3.127768530892e+00 -3.787926996167e+00 -3.356766013854e+00 -2.675990203383e+00
-1.431726051276e+00 -2.419682347510e+00 -1.564824692529e+00 -2.201992117745e+00 -3.364205170217e+00 -2.755996727550e+00 -2.272218986261e+00 2.505187294250e+00 -1.518760851181e+00 -1.653789338989e+00
-2.395029910903e+00 -4.152394228740e+00 -3.094220361113e+00 -2.010208240766e+00 -4.932167433005e+00 -3.466608881925e+00 -2.703534781781e+00 -3.967361854178e+00 3.008391175580e+00 -4.805387485004e+00
-1.349697335890e+00 -3.341704046327e+00 -2.152387676566e+00 -1.649178337595e+00 -1.642735348633e+00 -2.487187103188e+00 -2.338494643790e+00 -1.252728985126e+00 -2.240977116848e+00 1.893963636897e+00
4.853314947054e+00 -5.112989348875e+00 -3.360724026606e+00 -4.385200451078e+00 -5.312052047241e+00 -2.426608813223e+00 -3.340848423064e+00 -3.226456662382e+00 -3.971219456392e+00 -5.067547353609e+00
-1.912710394879e+00 4.082160634892e+00 -2.694713828508e+00 -2.226821740136e+00 -2.711317848814e+00 -4.962464179841e+00 -3.267907105450e+00 -3.547516965032e+00 -2.682571849828e+00 -3.182608598329e+00
-4.538646431085e+00 -3.959226547301e+00 4.835568168158e+00 -4.067000881144e+00 -7.140910121763e+00 -4.911375336835e+00 -4.431477794046e+00 -5.809700663429e+00 -4.340705519359e+00 -5.491884262980e+00
-4.249466239124e+00 -5.846683093419e+00 -2.464849383903e+00 2.146625964713e-01 -4.323191186958e+00 -3.880650014703e+00 -2.293092609700e+00 -7.698449482511e+00 -3.451281238775e+00 -6.296843077010e+00
-1.900218208158e+00 -4.747097831844e+00 -2.579064877513e+00 -2.859072674991e+00 3.088893969892e+00 -2.945473097746e+00 -2.810896710760e+00 -2.291887794786e+00 -2.099398103399e+00 -2.113186012750e+00
-1.474710996443e+00 -2.691857409121e+00 -1.591251767174e+00 -1.920575273163e+00 -2.322949318977e+00 -2.957678766059e+00 -2.220313111810e+00 2.555920619662e+00 -2.031044972762e+00 -2.580330492249e+00
-2.662592829385e+00 -3.763031991857e+00 -2.745410118506e+00 -2.992536722952e+00 -3.296007878898e+00 -1.359929827105e+00 -1.510627680209e+00 -5.877010024371e+00 1.739197791790e+00 -3.814940791658e+00
-1.891298738206e+00 -5.355449891716e+00 -3.066231146425e+00 -2.767490277748e+00 -2.147450397198e+00 -3.998874086312e+00 -3.305266225536e+00 -1.529853935128e+00 -2.479259120868e+00 2.231192140552e+00
2.181214829232e+00 -4.002940905995e+00 -1.876603214374e+00 -4.240496342249e+00 -4.822023492799e+00 -1.463620240912e+00 -2.892077524885e+00 -3.385464381259e+00 -2.335358855985e+00 -3.559673846551e+00
-1.576297818107e+00 3.858499301625e+00 -1.931243640439e+00 -2.131379477349e+00 -2.057603693652e+00 -3.504568581895e+00 -2.711823758313e+00 -2.774768557916e+00 -2.238649618141e+00 -2.428869574890e+00
-1.902293979175e+00 -4.449164212416e+00 4.598223135059e+00 -1.943716807281e+00 -3.579567302310e+00 -3.271718346777e+00 -2.653304448468e+00 -2.209924087901e+00 -2.172056417703e+00 -3.222208761516e+00
-4.889928627257e+00 -4.988328558565e+00 -2.586055804827e+00 -1.013799880223e+00 -4.819212721398e+00 -5.597102790602e-01 -3.543576895270e+00 -7.177129513090e+00 -1.921863027105e+00 -3.573185846767e+00
-1.527371213000e+00 -5.382279959009e+00 -2.747432424239e+00 -3.056715860785e+00 5.233051987883e+00 -4.095750108382e+00 -3.224470155757e+00 -3.479989162930e+00 -2.706186501932e+00 -3.873805083732e+00
-1.243995378961e+00 -1.956301231290e+00 -1.522010733500e+00 -1.427332772322e+00 -2.050028850108e+00 2.264003546365e+00 -1.344857319766e+00 -1.659044370053e+00 -9.279567560112e-01 -1.608078817256e+00
-2.618997212922e+00 -5.253142414902e+00 -2.466481052003e+00 -3.121090821861e+00 -4.901681306369e+00 -4.473948849606e+00 3.461806848117e+00 -5.922018487250e+00 -2.667945317960e+00 -4.713814137302e+00
-1.363221726472e+00 -2.392222336850e+00 -1.637829289090e+00 -1.540268335597e+00 -1.737855818682e+00 -2.699286700851e+00 -1.750819013881e+00 2.185948085476e+00 -1.605954068896e+00 -2.638734086100e+00
-3.007707229563e+00 -5.647047476715e+00 -3.017904279895e+00 -1.708167126530e+00 -4.707356804503e+00 -2.630258727392e+00 -3.500231952597e+00 -5.638520916947e+00 2.282920439531e+00 -3.546451821858e+00
-2.182103422287e+00 -4.898529019267e+00 -2.986468902115e+00 -2.097888145517e+00 -1.531933209361e+00 -2.482284841883e+00 -2.747523125780e+00 -1.978243742697e+00 -1.630355675914e+00 1.482819681763e+00
-2.907302089198e+00 -3.432176418265e+00 -1.909873131062e+00 -1.479826705212e+00 -4.087231724608e+00 -2.378268974948e+00 -3.385791772700e+00 -3.751326752844e+00 1.677619873956e+00 -3.623546999121e+00
-2.175027977651e+00 -3.573884571997e+00 -3.393799315202e+00 2.036776410999e+00 -3.413100610910e+00 -1.295568314583e+00 -3.111638168370e+00 -4.883259259351e+00 -1.991655528778e+00 -3.271530871325e+00
-1.618596621943e+00 -3.468209775345e+00 -1.937152158733e+00 -1.862699490070e+00 2.049273207139e+00 -2.554070569750e+00 -2.183556524170e+00 -2.416104428844e+00 -1.330564183065e+00 -3.941045254099e-01
-1.444806409586e+00 -2.481389794472e+00 -1.777295351852e+00 -1.959887805616e+00 -2.492390945196e+00 -2.663153210015e+00 -2.029362341695e+00 3.662119283657e+00 -1.861269411450e+00 -2.957680714455e+00
-2.504967268852e+00 -2.589022691204e+00 -1.782899730117e+00 -2.770553310473e+00 -3.942593416666e+00 -1.191555390377e+00 -2.157490978139e+00 -4.253813895583e+00 1.599159921617e+00 -4.186893331079e+00
-2.076857281303e+00 -3.372600412886e+00 -2.610143748671e+00 -1.510635219831e+00 -3.451567309143e+00 -2.344894477302e+00 2.442962135312e+00 -4.066296882589e+00 -1.650493406048e+00 -2.857368985283e+00
-3.182376161809e+00 -5.332457998588e+00 -3.515844618700e-01 3.429875342830e-01 -3.489442323606e+00 -5.793564901623e+00 -3.693073599310e+00 -7.663758758067e+00 -1.760682131608e+00 -5.358481942891e+00
-1.345849892311e+00 -1.420243171767e+00 -2.226243709092e+00 -1.853534772707e+00 2.296261335004e-02 -2.762400610924e+00 -2.259173694480e+00 -7.438654496261e-01 -1.919560085189e+00 -2.995055706660e-01
6.560209641187e+00 -6.614720326482e+00 -3.129720240685e+00 -7.401815140542e+00 -5.786839012333e+00 -4.506399528858e+00 -4.747672305240e+00 -4.404664373806e+00 -3.941020791380e+00 -5.287254491311e+00
-1.750268608996e+00 -8.479451480675e+00 -4.390817493188e+00 -2.754185929535e+00 -3.793313576722e+00 -8.405333602664e+00 -5.027028052507e+00 -3.568405813676e+00 -3.987567241837e+00 3.278778837705e+00
-2.274491779968e+00 -4.680344158799e+00 -2.506959043839e+00 -2.519442146791e+00 -5.483222625670e+00 -4.558125571261e+00 -3.877513479153e+00 5.564911986299e+00 -2.250894957019e+00 -3.126872475883e+00
-1.896370355324e+00 3.053262442065e+00 -2.631529507835e+00 -2.176714906590e+00 -2.323978170981e+00 -5.181811135914e+00 -3.162366445036e+00 -3.881882559287e+00 -2.512156627242e+00 -2.964312524800e+00
-3.077032113005e+00 -8.319069644159e+00 -4.809211831681e+00 -2.959185333642e+00 -3.870668612293e+00 -4.942697238106e+00 -5.307453073534e+00 -3.821140479914e+00 -3.862834466855e+00 4.005557639109e+00
-2.996376313863e+00 -2.755506716717e+00 -3.708909040866e+00 3.458362860464e+00 -4.211206661728e+00 -2.961600818920e+00 -4.007297074752e+00 -5.401420192604e+00 -2.360804603033e+00 -2.662410281667e+00
-2.030205415203e+00 -2.805085819528e+00 -2.325833288279e+00 -1.966520171380e+00 -2.629616431596e+00 -1.875094431080e+00 -1.837548599287e+00 -3.396050013447e+00 2.063909284219e+00 -2.420888283499e+00
-2.238021769358e+00 -5.963350482378e+00 -3.554152012897e+00 -3.246039510612e+00 3.817821357725e+00 -3.370142568852e+00 -2.858322260506e+00 -2.700630757128e+00 -2.814133396702e+00 -2.472969713924e+00
-1.573869673769e+00 -2.805179908864e+00 -1.961108651802e+00 -1.967979302550e+00 -2.841167719877e+00 -2.941053104183e+00 -2.346561393771e+00 3.726825719969e+00 -2.042460316814e+00 -3.081297947306e+00
-3.646730835903e+00 -4.883317587413e+00 -1.291170498558e+00 6.133506902240e-01 -2.247041506752e+00 -3.590575044710e+00 -1.475422322997e+00 -5.398360943545e+00 -1.631584752427e+00 -3.577238333372e+00
5.201748923220e+00 -5.299537881793e+00 -3.051775181145e+00 -7.491766003491e+00 -4.762095529419e+00 -3.220461805207e+00 -3.124178294472e+00 -3.956719744067e+00 -2.734272731992e+00 -5.040328204097e+00
-1.946825180632e+00 -4.400952750407e+00 -2.811926478453e+00 -1.972826840594e+00 -3.264315747626e+00 -2.906082468591e+00 -2.372746517992e+00 -2.921648930205e+00 -2.454194948788e+00 3.402313068583e+00
-1.651569514471e+00 2.970193743798e+00 -2.415380493223e+00 -2.379365273578e+00 -1.453449185634e+00 -2.747820176952e+00 -2.418698391235e+00 -2.692326792171e+00 -2.237751790841e+00 -2.226760806926e+00
-3.288620437153e+00 -6.841906204575e+00 -3.292181979883e+00 -3.234290451456e+00 6.394264621240e+00 -4.806065226832e+00 -3.885016900494e+00 -6.343991362038e+00 -3.241170066083e+00 -4.750383855553e+00
-1.284883099301e+00 -1.818682913842e+00 -1.667431446537e+00 -1.196103183154e+00 -1.947969356773e+00 1.690235020924e+00 -1.212317165168e+00 -1.630921671637e+00 -1.096054597452e+00 -1.886125492300e+00
-2.235544001855e+00 -5.229153264593e+00 -2.852246437482e+00 -3.203074730252e+00 3.796381299175e+00 -3.444007533699e+00 -2.882102395438e+00 -3.267107953969e+00 -1.820218879520e+00 -2.174103791780e+00
-2.003394553208e+00 -5.073531636392e+00 -4.260016678374e+00 -2.427918911114e+00 -3.950897222106e+00 -3.089322321681e+00 2.946150092427e+00 -5.306064125350e+00 -2.677035221200e+00 -4.313843704602e+00
-1.847999824894e+00 -9.591428598819e+00 2.811095895892e+00 -4.719547033423e+00 -5.006491740898e+00 -6.622120405879e+00 -3.520205686717e+00 -8.346482675239e+00 -2.390773443149e+00 -1.517237146220e+00
6.694090466053e+00 -6.627962512701e+00 -4.057554802004e+00 -8.520146809440e+00 -6.364979634324e+00 -3.102563800868e+00 -3.839710839703e+00 -4.770403950865e+00 -3.756356722241e+00 -5.661335702201e+00
-2.566972216849e+00 -1.086022325278e+01 -4.132144836984e+00 -5.062770661690e+00 -8.204673259907e+00 -1.024840308530e+01 4.200121227689e+00 -1.100849423316e+01 -9.771057825302e-01 -5.512165754277e+00
-1.967686449166e+00 -5.984618409902e+00 4.428815181187e+00 -3.424449854337e+00 -7.723018934989e+00 -5.128075874015e+00 -3.129353820187e+00 -5.964917202879e+00 -3.861774349482e+00 -4.124436620653e+00
-1.547569647706e+00 1.715538729017e+00 -2.081178398479e+00 -2.668972778359e+00 -1.761688238557e+00 -3.771103128608e+00 -2.191935832880e+00 -3.034385198066e+00 -1.913260811204e+00 -2.475496389108e+00
-1.535274082770e+00 2.072320443650e+00 -2.496326180488e+00 -3.087130628780e+00 -1.317819667398e+00 -4.965212384000e+00 -3.398829603673e+00 -4.645200582724e+00 -2.414209267123e+00 -3.335812168044e+00
-1.669102602692e+00 2.593292079500e+00 -2.093170508754e+00 -2.094405341038e+00 -2.241354934366e+00 -4.968666454546e+00 -3.335336340817e+00 -3.845110145399e+00 -2.967630590430e+00 -2.977805529482e+00
-1.925885443790e+00 2.163617102041e+00 -2.617280731098e+00 -2.244036962850e+00 -2.455939855242e+00 -5.943478951770e+00 -3.723171222045e+00 -3.392356981054e+00 -2.980750495485e+00 -1.987646721941e+00
-1.724105329412e+00 -3.267302431400e+00 -2.118659665190e+00 -2.539876098719e+00 -4.061147051757e+00 -2.936515311605e+00 -2.783516447242e+00 4.235964601200e+00 -2.406295895819e+00 -2.416150394801e+00
-1.947836990513e+00 -7.097098272795e+00 6.564078256036e+00 -5.621893515547e+00 -7.629235655713e+00 -6.423916652300e+00 -3.485992846003e+00 -4.515085511051e+00 -4.548621757850e+00 -6.646104849058e+00
-1.406067934493e+00 -2.676356222779e+00 -1.889238665249e+00 -1.911403571732e+00 2.405188557514e+00 -2.294092771588e+00 -2.069801760306e+00 -1.542900197317e+00 -1.690479838012e+00 -1.998165838454e+00
-1.385959579318e+00 -3.836154743302e+00 -2.149576805590e+00 -3.048379955183e+00 -3.051084381915e+00 -2.506844453248e+00 -3.611694025018e+00 3.002972673087e+00 -2.706316521053e+00 -1.499251613422e+00
-1.639678306049e+00 -1.905758649618e+00 -1.874585871873e+00 -4.046799550668e+00 -5.074410769476e+00 2.603556718794e+00 -1.612708982764e+00 -3.516162653145e+00 -1.663374720349e+00 -4.469215714959e+00
-2.334222404892e+00 -5.531773393695e+00 4.736303080416e+00 -3.453751370452e+00 -8.602589398012e+00 -5.421671748269e+00 -3.339953607199e+00 -3.220973537146e+00 -4.152308546614e+00 -5.721803985633e+00
