1.266845708379e-07
7.978277115536e-07
3.570410516977e-07
3.557763387336e-06
2.410072699931e-06
5.445243980222e-06
4.123157889361e-07
1.123419680090e-06
4.263162543145e-06
4.534515626537e-07
1.351899925043e-06
2.535406100991e-06
4.196808208348e-06
3.255633973521e-07
7.694274859827e-07
7.017812220556e-07
8.674100287274e-06
1.880311633877e-06
1.604749807555e-06
2.302291875778e-07
9.032869509351e-07
5.147601011688e-06
9.017367166486e-06
6.819416942335e-07
1.318894904419e-06
9.317096981853e-07
3.114917371808e-06
1.604855846315e-06
2.298773448732e-07
1.313570243748e-07
2.088942984277e-07
2.939569360096e-06
4.039663538376e-07
4.078152848479e-07
6.679015250527e-07
2.315007482130e-06
1.474804315053e-06
1.709920901786e-06
5.003664807027e-07
5.108920110146e-07
1.845346104403e-06
1.603599172638e-06
1.625295627442e-07
1.241356174461e-06
3.024627368225e-06
1.158898112117e-05
1.388416562879e-06
1.145687435803e-06
5.019870077414e-06
6.704554562790e-06
6.503771781125e-06
3.847350231430e-06
8.324401586538e-07
1.029983224919e-07
7.563001239202e-07
8.174565845479e-07
7.048374445147e-06
2.413899875505e-07
5.588385227568e-07
2.058748621054e-06
4.041349245683e-07
2.417795369123e-06
1.675553095333e-06
1.360223806693e-07
3.255743070789e-06
1.648372382605e-06
3.797710214812e-07
1.162812323960e-05
1.702124880708e-06
1.114376457067e-05
2.024850092713e-06
3.262219045254e-05
1.119999451757e-06
5.047868525597e-06
5.343164772121e-06
3.648275120893e-07
1.145323500669e-06
4.305290627760e-07
1.395700700951e-05
5.327204218770e-06
5.941148574775e-06
2.176996452495e-07
2.866431736092e-06
3.543605784246e-06
1.267753413110e-06
4.151462943437e-06
2.460226460359e-06
3.183581297998e-05
1.661132497148e-06
1.442967400055e-06
1.749647963778e-05
1.001614693997e-06
1.843978574226e-05
3.589593550830e-07
3.926496078991e-07
6.323202318648e-06
1.106389047030e-06
8.486844261665e-07
1.901226194459e-06
2.663383338004e-06
5.846147931884e-06
4.299363096436e-06
1.122445677866e-06
4.069685699633e-07
4.149421086687e-07
7.258853264775e-07
9.200502308245e-07
