1.039037917950e-07
1.489034591476e-07
1.454427788126e-06
1.524394510664e-05
1.914112297583e-06
2.632612596609e-06
2.774624880136e-06
1.299332090418e-07
2.157254878767e-06
1.134922874623e-05
1.023670148676e-05
1.397242411005e-06
3.085238143613e-06
2.276227401251e-06
4.008382922576e-06
3.473865123890e-05
3.515419689494e-06
6.165635284766e-07
5.287205640357e-06
4.247840224755e-05
1.273124080142e-06
4.710876409551e-07
2.420711531434e-06
9.165810028974e-07
4.598810961817e-06
3.679719750018e-06
3.362877142206e-07
1.563531204470e-06
3.198372164698e-05
4.110380664059e-06
5.177422610941e-07
3.092301118016e-05
1.553462322337e-06
2.304450528598e-05
8.712388977370e-07
1.863292303711e-05
2.747421008908e-06
1.201574615694e-06
1.809405292331e-05
8.602735372561e-07
4.040955201659e-06
3.222830775309e-06
2.505216250053e-05
3.674318546092e-07
1.014369821555e-06
1.289748021317e-05
7.881818833136e-06
6.184432706307e-06
1.057280809591e-05
7.967137307998e-06
8.461215415588e-06
1.953452428287e-06
2.555022159975e-06
2.264634047371e-06
3.106532035868e-07
1.166669954414e-05
3.307637579996e-06
1.627835090177e-05
1.085958803391e-06
5.258385109819e-07
8.589538540139e-05
1.321325249543e-05
7.430380112732e-07
6.192682808428e-06
4.149588014279e-07
3.308443028013e-07
9.577779632537e-06
5.118626410875e-06
1.144313968235e-06
2.895464167152e-06
5.536199684089e-06
1.284889571095e-07
9.809083522689e-06
9.182211378989e-06
1.019823306894e-06
8.138579055753e-06
6.442308923104e-07
3.357327754784e-05
2.021986892404e-05
5.149079958391e-05
8.093529006862e-06
2.099680927724e-06
6.733902305865e-06
6.992782298370e-06
2.846547620454e-07
7.237776919556e-07
1.122644151427e-05
3.925541296660e-05
1.750247746942e-05
2.534249235273e-05
1.473842045641e-05
3.976585736612e-06
1.347303377974e-06
1.900184336774e-06
1.019470013259e-06
1.922683864782e-05
1.094096643927e-06
4.856693125818e-07
9.266737813350e-07
4.372510843653e-06
1.712551606617e-06
2.316057572557e-05
4.098478089689e-06
5.228317033066e-07
7.752578912577e-07
3.986641267383e-06
1.297078997279e-06
1.179220883874e-06
1.983372556926e-06
5.813531295243e-06
2.267496908183e-05
9.652475398299e-07
9.512516922105e-06
1.855550628144e-06
4.186811979121e-06
3.114379035476e-06
2.306105566800e-06
8.438205200271e-07
1.025049893767e-07
2.079848568432e-05
4.030632347058e-07
5.900833017839e-06
9.355430661094e-07
3.574552437434e-07
9.040473999555e-06
2.231209048727e-06
1.758229698643e-06
3.107121986456e-07
4.608679811423e-07
3.260492289429e-06
9.034726939958e-06
3.413176593150e-06
3.090993201191e-06
1.750151778140e-06
1.948748057048e-05
3.588607363496e-05
2.776116563476e-06
1.270085850794e-06
3.124527682822e-07
4.303575876241e-06
1.247375998057e-07
8.536038947108e-07
1.237352981923e-07
3.412697133516e-07
9.041622053700e-06
2.936060333762e-06
3.766174201597e-05
1.563508452272e-05
5.067308374857e-07
3.440286330905e-05
5.838049332595e-06
4.558540017492e-07
1.004470729052e-06
2.378365209215e-06
1.810123419124e-05
6.974373187524e-06
2.078732606248e-06
1.494751473909e-06
3.473673760267e-06
3.589977829064e-06
4.790980530361e-07
5.999913975387e-07
1.169621382652e-05
2.021441792893e-06
1.548136716927e-06
8.465486886137e-06
1.773190239707e-06
4.362734606119e-07
3.237432145837e-06
1.075040560663e-06
5.602926722463e-07
