2.082363551637e-06
1.906688230887e-06
2.693842053858e-06
5.762010790918e-06
1.292854020291e-05
4.179848071022e-06
1.238552740503e-07
1.175659449593e-05
2.752508577227e-05
1.885771563429e-06
1.155504293321e-06
2.509224827021e-06
6.384362423103e-07
3.822066948828e-07
2.334545034978e-05
1.468017762932e-05
1.326627909574e-05
2.218122184520e-06
2.661272404783e-06
1.837647900297e-05
2.568833128561e-06
2.708362042719e-06
1.207547797941e-05
1.493060011635e-06
4.778757852077e-06
5.483650619257e-07
8.416712336387e-07
6.506545793379e-07
2.808234758797e-06
6.539366830917e-06
1.056437834486e-06
1.968061600542e-06
1.068304953256e-05
2.045004390031e-06
5.035880700452e-06
4.960880277717e-07
1.096297819569e-05
6.705519906288e-07
7.299804951985e-06
7.971673219761e-07
1.002688372738e-07
7.493173205673e-06
1.773805342464e-06
1.695075867770e-06
1.977111799769e-06
2.721415448890e-06
8.783351170120e-07
8.237045414198e-07
2.410843830199e-05
5.646327368796e-06
8.188403595839e-07
3.672837985295e-05
1.204939552397e-06
1.355194090405e-06
6.018896135896e-07
9.101119707420e-07
1.839833100768e-06
8.032943911639e-07
1.349153371440e-05
2.756025207619e-05
3.016552712317e-06
2.129317015159e-06
3.836629190628e-05
1.080979708976e-06
3.438095418558e-07
1.168481439745e-07
4.062545061126e-06
2.128828262299e-06
1.967907448088e-06
7.448476367408e-06
7.792794137145e-06
7.293829403426e-07
5.021781666621e-06
3.692273777059e-06
5.881371162004e-07
3.629069554584e-07
1.194279753318e-07
9.517944366449e-07
1.463973990567e-05
3.144211598839e-06
1.837632490508e-05
3.248939967283e-06
1.774687582549e-06
1.089909813464e-05
1.948225410479e-06
1.763167093227e-06
1.804869642600e-06
9.327190222735e-07
1.353387516307e-06
4.259552235572e-06
1.076257410336e-05
1.668828215416e-06
1.903448392003e-06
2.262346040260e-05
1.364406014767e-06
1.184468674541e-05
3.636335947886e-06
1.390449936490e-06
1.484916198228e-05
3.917738178400e-06
3.874370493303e-06
9.070091347536e-06
4.869754572510e-06
2.508767755075e-06
9.740018508029e-07
1.479377711636e-05
2.521751698215e-06
3.272858938734e-06
2.150279019840e-06
9.256371891298e-07
6.875172647816e-07
1.709202900433e-05
1.916235475834e-06
3.622747002048e-05
2.742790305146e-06
4.163706601310e-05
1.455860679324e-04
6.720299035981e-06
2.110082530604e-06
2.912235937650e-06
1.905634740800e-06
1.221144165216e-07
1.506727812626e-05
1.351559867119e-05
3.567823645233e-07
7.978923963401e-07
4.748920655787e-07
1.111432447020e-05
9.629407261030e-07
5.549620449206e-07
9.095397283241e-07
4.443283216246e-07
8.098407669546e-06
3.215927004868e-06
5.555844019676e-06
2.420036919090e-06
3.690750865960e-06
6.435860950935e-06
5.115196113771e-06
1.472436678367e-06
2.094301054718e-06
3.787531921599e-05
2.212222712012e-07
2.320779217201e-06
1.248490633504e-05
2.608018364036e-06
2.002735857450e-05
1.029254799006e-05
2.011900310354e-05
1.153785309203e-05
1.542651384027e-06
3.276838784671e-05
7.069124468160e-06
1.792511866859e-05
3.903485788832e-06
6.896913577569e-07
7.068512303873e-06
6.407831896806e-07
5.892646598198e-06
1.411481242097e-05
1.173701551381e-05
8.040370104963e-06
7.720822861414e-06
7.832583985890e-06
5.613356188600e-06
6.461981054036e-07
9.451886604267e-07
3.489979618970e-06
1.465410256646e-06
1.367857925256e-06
4.952890939350e-06
1.255262719703e-07
1.155372395388e-06
2.984598824718e-06
1.226308104017e-06
1.800330020226e-06
3.022736207037e-06
1.573119676307e-05
3.629777596997e-06
4.488520921920e-06
1.072395171926e-06
7.192759845145e-06
4.328003083578e-07
4.249655495549e-07
1.267190321776e-07
1.612808525013e-06
1.657827534843e-06
1.791810165768e-06
3.917436340279e-07
2.547247723871e-06
3.024641869112e-07
2.972517287429e-07
2.754905596744e-05
5.676527421584e-07
9.285661563912e-06
6.176622846650e-06
1.174819512585e-06
5.703535212366e-06
4.601581133527e-05
3.683340548961e-06
7.578065363676e-06
1.999712514163e-06
1.088628662312e-06
2.627674056261e-06
7.651670753087e-06
3.149451154626e-07
1.659366666795e-06
8.451723400069e-07
7.612930470456e-07
4.764630139474e-06
6.634732266268e-06
1.399709261293e-07
1.847045451751e-06
5.070027729454e-06
1.697123196692e-06
4.711276909632e-06
2.278028247924e-06
8.001428684202e-06
1.356511396297e-05
1.303319689301e-06
1.205163797041e-07
1.529960290577e-05
8.456765661710e-06
1.194959818159e-05
4.060396447350e-05
1.575843925270e-06
1.526453590113e-06
2.485181456006e-06
2.242289672589e-06
9.253238981684e-07
7.110186601222e-06
1.425412302591e-05
7.857886200370e-06
5.529455132054e-07
9.577684947320e-06
4.715031803835e-06
3.726736809738e-05
2.648909559322e-07
4.826747806027e-07
1.569012290917e-06
1.018385928887e-06
1.504697259788e-06
2.491984308286e-06
1.615631252996e-06
2.499356066551e-06
6.142878449142e-06
7.722761642191e-07
1.516814239777e-06
4.900555748995e-06
3.471807239362e-06
7.929717044462e-07
2.715776254947e-06
1.877292442630e-06
2.421955219632e-06
7.575432980635e-06
2.844486678601e-06
3.778767110167e-06
2.487972788992e-05
3.905056384925e-06
1.390602856428e-06
1.408067881302e-05
2.256894821245e-06
1.530037703436e-06
1.897198592687e-05
5.729644195428e-06
3.181258608633e-07
2.623189383879e-06
1.532466883301e-06
4.260760866635e-06
6.363166996644e-06
1.725735799548e-06
4.965540519124e-06
2.258419200569e-06
8.253705894496e-06
4.881500469091e-07
7.730910664374e-05
2.133911382587e-06
5.004123316762e-06
9.525720547380e-07
3.368784787646e-07
1.269320454379e-06
3.293284037722e-06
2.091196717210e-06
1.018795475310e-05
2.112711510652e-06
1.955927892643e-06
3.150475405136e-06
7.566044476107e-06
2.300795020710e-06
1.451955446714e-06
2.064352112605e-05
1.055072812684e-06
2.061461355258e-06
2.009377846285e-06
5.575424146914e-07
5.304202560486e-07
8.394508488831e-07
4.718583326630e-06
7.745594589293e-07
1.609971817311e-06
1.125742725204e-07
5.755923556346e-07
3.063853511296e-06
1.541664331589e-06
5.014473558822e-06
1.538477814900e-05
6.606225203629e-06
1.027664443662e-06
6.942185537267e-07
6.648676072738e-06
8.017422171500e-07
1.395382820502e-06
1.106416189513e-05
3.237758492027e-05
7.631048216447e-06
1.230359599661e-07
4.590216439017e-07
1.665681932362e-07
9.020134264572e-07
8.090755650365e-07
6.787674739537e-07
2.512933342548e-06
3.336998848435e-05
1.103538789938e-05
5.602793947652e-06
2.043881596543e-06
1.441606713904e-06
2.277648088644e-07
2.418252541464e-07
1.050208823543e-05
1.586769299324e-06
1.120642065929e-07
3.633871078709e-07
3.422845368024e-06
1.324497448933e-05
5.270741629380e-06
6.407116695817e-07
2.516384272456e-06
1.803046077920e-06
1.005141041788e-06
2.191042821670e-06
6.280856312058e-06
8.743934611559e-07
1.350864761698e-05
1.151198108864e-06
3.618829820205e-06
1.019056776648e-07
9.545949212322e-07
7.610263753985e-06
5.362310391175e-07
3.435814412196e-07
6.958880827037e-06
3.776910323953e-06
1.996612749754e-06
4.744712187398e-07
6.855897574533e-06
4.932493434314e-07
1.849818549701e-06
6.500019905895e-06
2.166014310625e-06
1.551085005187e-06
9.302910445278e-06
2.965942840465e-06
3.112250760053e-07
2.610389147819e-07
1.873266749543e-06
4.005910226049e-07
1.266092658810e-06
4.834971047588e-06
2.726598212692e-06
1.702048326107e-06
1.475126016035e-06
3.549760941568e-07
3.374649867420e-06
8.796397472849e-06
2.658523360069e-05
3.236772724922e-06
2.932421800586e-07
2.600634997223e-06
1.512579970111e-06
6.352153630571e-07
3.262550927645e-07
1.533649665331e-06
1.513307601838e-05
2.637683640273e-06
3.267392595626e-06
2.930117616064e-06
8.542472605229e-06
1.180275465069e-06
1.177626755584e-06
3.006743328773e-06
8.250849643638e-06
1.199451828632e-07
1.801590725363e-05
1.290940669231e-05
7.403771065550e-07
1.330248377964e-07
1.336745478563e-05
6.307368640566e-06
9.441521862155e-07
5.113724596568e-06
3.507214885213e-06
1.124903838171e-07
2.152173141614e-06
3.219831503425e-06
1.014452939268e-07
2.152865164955e-06
2.495529584436e-06
1.112643242409e-06
3.490566327368e-07
2.891357305642e-07
2.860069564957e-07
1.199070732065e-06
9.349832754155e-06
1.875114835436e-05
2.517447813973e-05
9.052612306607e-06
1.767589249879e-06
8.264551124015e-06
1.409996094144e-06
1.946603485517e-05
1.942845413019e-07
6.332267618652e-06
3.093061489685e-06
3.020200373387e-06
1.002150886556e-05
1.512644433412e-06
3.005304067878e-06
1.097202745199e-05
2.464700626333e-06
2.214494786944e-06
6.338571498200e-07
3.009381743058e-06
3.145986195823e-06
1.030387117621e-05
6.117156622490e-06
8.025986859360e-07
2.214995254908e-06
1.789870249384e-05
5.248793538830e-06
1.219827371249e-06
7.083192634722e-07
1.803380731300e-06
2.424137795809e-06
1.899204618987e-05
1.304086838376e-06
1.746518832792e-07
1.079867275932e-06
4.789096107516e-07
7.481335780563e-06
1.020439702970e-06
1.252236916948e-05
4.743126176211e-06
1.382438759937e-06
1.804349065126e-06
3.106578312062e-07
6.356524659322e-06
1.521868815472e-06
1.250161534319e-05
2.180280221990e-06
5.157716021575e-06
3.851062597609e-07
1.998045637221e-06
3.172137300715e-06
6.675961599892e-06
3.054244877658e-06
1.148876867824e-06
2.618160125790e-05
2.419392867730e-06
1.426941115241e-06
4.826826702580e-06
5.470076863259e-06
2.472582945404e-06
7.851028420388e-06
4.478582269322e-06
3.480358328295e-05
9.460050936650e-07
4.967286189877e-06
3.254607373765e-06
5.098101674597e-06
6.393086315276e-06
1.009482004335e-06
6.901921557581e-06
7.335736604741e-07
1.348995093150e-07
1.180424340100e-06
2.762532666810e-06
8.938070344367e-06
1.813364081486e-06
1.703103491945e-07
9.790726754664e-07
1.662637980833e-06
1.299049257882e-05
1.394619655319e-06
2.599014101557e-07
8.123265716036e-07
2.113372810489e-06
4.590799571973e-06
1.427398082483e-05
2.954119862720e-05
6.322860227907e-07
3.328781533377e-06
3.654111295455e-06
2.343230654384e-06
1.027683718239e-06
3.926855751920e-06
1.129655955575e-06
4.815223666878e-06
4.173594105293e-07
2.570000194301e-06
5.317778898680e-06
1.184742208833e-06
2.222390956677e-06
1.990263269340e-06
1.639415260795e-07
5.839909554754e-07
4.692321884097e-06
1.587151738385e-05
3.517556991325e-07
6.228557230235e-06
2.029699211491e-05
8.413118200741e-06
5.667377274441e-06
2.734491129543e-07
3.655233328594e-07
1.637422067308e-06
5.564886809791e-06
1.299417010863e-05
9.215190206544e-07
3.967853728969e-06
2.519916275956e-06
2.319350667826e-06
3.720471599247e-06
8.050350858585e-07
1.973233424310e-07
9.793017993569e-06
2.821385571581e-05
3.544389396147e-06
3.734400367642e-07
4.387177081327e-06
1.904098660704e-06
4.791190509686e-06
3.169413465835e-06
9.129460002555e-06
4.468537517341e-06
4.100512000671e-06
8.318761338770e-07
5.784949609895e-06
6.115883378161e-06
1.528083729787e-05
9.506870336849e-07
9.866209645029e-07
2.627630010636e-07
6.851219262719e-07
1.899004442268e-06
2.701077355915e-07
3.567251212621e-06
4.669398977747e-06
4.815559144537e-06
3.671834979508e-06
4.996444120813e-06
7.314610995246e-06
3.850861023883e-07
4.788829712423e-07
2.823374447651e-06
7.575636798892e-06
1.665434718174e-05
7.240496955371e-06
1.856205362402e-07
5.519965012134e-07
6.901760185993e-06
7.445814832470e-06
2.218312399595e-05
2.257733831766e-06
1.415229794330e-06
1.985278899947e-05
1.126813086813e-06
6.670179126800e-05
1.003031464243e-05
1.781486472933e-06
2.280957546287e-06
6.838972008856e-06
1.163209845029e-05
1.761003402761e-06
2.162696699451e-06
1.021052024534e-05
8.988854121637e-07
3.791355182402e-07
7.836221643841e-06
4.128769586154e-06
2.673818379978e-06
8.477809666094e-06
1.964418331803e-06
1.611222889924e-07
1.378229635380e-06
1.466364768167e-05
4.188002141297e-05
9.373110212307e-07
1.021802593830e-06
3.791895034486e-07
1.151818708416e-06
7.911560250336e-06
2.837745578319e-07
8.069867451434e-06
1.142246421942e-05
4.231902628194e-06
5.554208460760e-07
1.605497424522e-06
3.584961458310e-07
4.327298727735e-06
2.004563364945e-06
2.010051520732e-05
2.449451197404e-06
3.146185560105e-06
8.831658672464e-06
4.530544716635e-06
6.674708203110e-07
3.730792330982e-06
5.683886899138e-07
3.620786211576e-06
3.494357029080e-07
4.593062528611e-06
1.281100495958e-07
3.109488200638e-07
2.672824824402e-07
2.259513657387e-06
3.811921796160e-06
8.129703849880e-06
1.021037490471e-06
4.059180727869e-05
4.481466747615e-07
2.820458190776e-06
1.122994854473e-06
1.107324500771e-07
3.585200487169e-07
3.124444618209e-06
2.023819270618e-06
1.818721234490e-06
7.277912719221e-06
2.445641369574e-05
1.037514070617e-05
4.489151312176e-06
6.267871444404e-07
1.436622063321e-05
5.915359188382e-06
3.416457875681e-06
1.130854001605e-07
2.872051578014e-06
1.170079107382e-05
1.893863498226e-07
1.185164918504e-05
7.803697854733e-06
5.425601815835e-06
1.249655757052e-06
1.286717393757e-06
1.431834989614e-06
1.355423680914e-05
8.220361123977e-07
2.269696418366e-06
1.624261695052e-07
7.498521830366e-07
1.450091876759e-05
2.953641225740e-06
9.481943189010e-07
3.427052253911e-06
6.966869868707e-06
1.563633396853e-05
1.793380896133e-06
1.174113694578e-06
1.567902360157e-05
1.691467355978e-06
4.848738297406e-07
1.500339456481e-06
4.205013629245e-07
1.274297271196e-06
2.647235781168e-05
1.819999837490e-05
2.623236325052e-07
1.552267985501e-05
4.342580698767e-06
1.487557711070e-06
3.490571047505e-06
1.078884793697e-06
