8.089072807911e-07
4.595160077068e-07
4.628659697592e-07
2.223019062436e-06
2.166050179090e-06
8.744718347851e-07
5.307065550137e-06
2.838392083766e-07
1.400861352171e-06
1.238742360202e-05
3.287371927816e-07
7.004113296544e-07
1.683642061012e-06
8.535156584651e-07
8.738022474225e-07
1.320402952266e-06
1.584380778839e-05
8.175273688859e-07
2.481623611488e-06
1.749005153306e-05
3.023732334632e-07
4.210375198962e-06
1.879396182330e-06
1.478443113804e-06
1.583447253527e-07
1.856377000092e-07
1.645240236639e-06
1.139568718685e-06
5.054543056590e-06
3.508977510925e-06
8.235622619308e-07
3.405687887467e-07
2.068938635397e-06
7.555041836303e-07
4.528639181004e-07
3.112189944396e-06
1.765175427016e-07
1.056681784246e-07
2.263233275904e-06
2.437058762912e-06
1.953335342992e-06
2.110217812244e-07
6.547367229229e-07
1.810671550134e-06
3.432306356287e-07
3.595770370122e-07
2.736623184797e-06
2.124115434987e-06
8.531910464975e-07
2.450256558813e-06
2.593032908991e-07
9.046765869420e-07
6.775984505289e-07
1.260521816758e-06
6.342635136934e-07
1.668380634716e-06
9.408492963162e-07
2.137393372027e-07
5.185918147303e-07
1.169043267443e-05
2.962011181943e-07
6.286500190533e-07
7.038070486627e-06
8.856663190667e-07
2.778666961525e-07
4.121628932014e-07
3.477625235190e-06
1.267558130349e-05
1.013884032062e-06
5.984273135607e-07
5.087879636962e-07
7.701727232041e-07
1.238553566680e-06
2.450555661382e-06
2.177456603946e-06
9.106347992653e-07
3.664679230812e-06
9.873363298309e-07
9.598601059174e-07
1.024134901661e-06
2.536084194874e-07
2.457693074622e-06
2.229442993313e-07
1.368260149748e-06
1.002948045712e-06
1.610618338760e-06
2.005728618763e-06
6.163228023024e-07
5.238410920397e-07
5.878457359149e-06
1.665851852149e-06
1.820205983023e-06
4.317287214196e-06
1.513289656840e-06
2.861755897797e-06
7.540509166739e-07
1.491014688463e-06
4.124900626654e-06
1.216389797165e-07
3.966612435738e-07
4.213619817360e-07
1.061844515123e-06
1.408081434793e-05
2.626571408986e-06
1.137697189966e-06
1.324855790704e-07
4.673759237374e-07
1.305545481029e-06
4.803237581742e-06
1.412930520837e-06
5.545685618934e-07
1.470645909959e-06
7.931522871894e-07
1.130852186081e-07
1.419351105222e-06
1.485481287941e-06
4.683929823003e-07
7.065269472427e-07
7.408518580329e-07
1.363294955812e-07
1.371407999374e-07
3.039898777872e-07
1.409781432688e-07
1.442598266325e-06
8.840749877359e-07
7.148912261398e-07
8.899767818130e-07
3.315399192966e-06
1.266340362452e-06
1.856240166339e-06
3.767641248219e-06
4.064913567727e-07
3.282117669283e-07
1.994983312938e-06
1.365020545511e-06
4.557280163595e-07
1.153245577993e-07
9.476217346572e-07
8.160733288246e-07
2.488740970662e-07
3.161381474486e-06
7.732332717026e-07
1.230836146449e-07
5.884254792815e-07
1.321025580384e-06
1.245129310463e-06
1.546443833428e-06
4.811581636072e-07
1.060055646064e-07
2.268836932564e-07
3.742889235664e-07
2.737164651003e-06
3.603338645635e-06
1.226778267611e-06
5.592605786121e-07
9.819112195502e-07
2.133372630960e-06
3.241605370187e-06
5.533133907031e-06
5.562781986624e-07
1.309601690336e-06
1.330079132994e-06
1.977502162431e-07
3.197691110683e-07
2.513033179894e-07
1.234152904824e-06
3.333435500856e-06
3.827654592792e-07
1.314620670053e-06
8.031696205956e-07
4.711960422171e-07
8.314471624100e-07
1.986571238090e-06
1.092880595992e-07
2.372476346703e-06
2.264145251880e-06
8.381199524044e-07
3.821212913234e-06
5.017977565743e-07
6.660342857927e-07
1.706762181792e-06
8.196990850232e-07
9.501287324288e-07
2.207813353244e-06
9.167722608142e-06
1.137757720867e-07
1.911151118351e-06
8.630005242258e-07
3.909639766716e-06
1.131097693989e-05
5.276853892615e-07
3.545457573234e-07
2.083766574039e-06
9.355399589930e-07
3.902359820064e-07
3.375932813052e-07
3.586177747742e-07
2.070888849048e-06
1.943850630713e-06
2.933831810123e-06
6.993658884831e-07
2.008753378223e-07
1.925889442746e-07
1.122972775983e-06
1.240524807531e-06
6.865957889931e-07
1.359978105712e-06
7.506627513805e-06
7.613672633145e-07
5.002153531256e-07
8.133496022281e-07
3.278685693134e-06
2.602206964203e-07
2.288643187444e-06
9.578692761049e-07
4.700377925077e-07
7.530401943604e-07
1.233402561084e-06
2.486256333682e-06
1.557361732150e-06
2.356865811009e-06
8.954834044275e-07
2.296801879967e-06
2.900798068254e-06
6.803925356985e-07
1.596614208444e-06
1.108239045583e-06
9.617710278014e-07
5.897605925196e-06
4.026498453217e-07
8.604435740964e-07
8.248830243275e-07
2.268920715929e-06
3.076952218263e-07
1.312012754991e-06
2.141482422673e-06
1.930927194542e-06
5.884055673842e-07
1.957126992736e-06
1.011369956131e-07
1.678932638725e-06
2.000461892661e-06
2.096452450870e-06
4.612587133518e-05
2.202189178184e-06
1.756218900673e-06
4.290248090097e-07
2.595307846970e-07
3.529961021766e-07
1.134328066674e-05
3.611191659064e-06
6.041413198226e-07
4.900909993311e-06
3.252711613637e-06
3.350798577918e-06
4.769471181060e-07
3.100351067167e-06
1.029905432748e-06
6.361578098963e-06
5.737829392020e-07
8.379176950221e-07
3.461249017648e-07
6.695204360938e-07
4.571180349186e-07
4.073528281522e-07
1.435142951133e-06
6.137940542640e-07
1.311730859869e-07
4.087877290937e-07
1.285077049640e-06
3.271627404152e-07
1.755963451694e-06
1.860710474674e-07
5.412584032969e-06
9.044030483667e-07
2.921254748793e-06
4.301167213461e-07
3.315817612686e-07
2.819676799068e-06
5.942153506441e-07
4.759427806425e-07
8.391076810292e-07
1.888006806099e-07
1.190597054694e-06
2.119141865991e-06
2.724847177346e-06
3.925191431798e-07
1.647172187720e-06
4.566538094736e-07
1.900097734914e-06
1.411868050148e-06
1.667818635340e-05
2.316698052634e-06
5.714087289337e-06
1.615590167214e-06
6.046169641546e-06
3.672167102128e-06
2.514923120600e-06
6.889715683949e-06
4.181024547213e-06
2.113047098003e-05
3.540542889111e-07
1.463273266380e-07
8.578139032033e-06
2.139942205468e-07
2.257711994803e-06
2.971619739998e-07
3.172210497642e-06
2.581365786213e-06
5.006824954485e-06
3.700461703255e-07
2.295050454472e-07
3.318746383586e-06
8.236096963436e-07
5.038079708686e-07
1.793364438673e-06
1.775485783581e-05
7.803349334922e-07
1.119072980286e-06
4.667019013789e-06
1.441988633080e-06
7.600080553891e-07
2.941474909715e-06
3.413620943598e-07
1.985482608495e-06
7.830875384492e-07
6.493996325970e-06
5.803422432535e-07
1.512171195515e-07
1.635039100224e-05
9.640212706563e-07
4.040967998039e-07
4.097638598607e-07
1.335092933376e-06
3.062323856363e-06
7.691308180537e-07
