1.518638409382e-05
1.644478261248e-06
6.155698087879e-07
3.224710543809e-06
1.657586351259e-06
1.177451908436e-05
8.206387193651e-07
7.329158358971e-07
1.725284461594e-05
1.819034304845e-07
1.128894380340e-07
2.013704845383e-06
1.210245102847e-06
8.449516310517e-06
1.577494461816e-07
1.195399449195e-07
1.064282994963e-06
1.835649738376e-06
3.964897748077e-07
1.687590106988e-05
3.474717923666e-07
2.842702700779e-06
2.215975758402e-06
1.801984062111e-05
1.894393794381e-05
7.211406250214e-06
2.573893453835e-06
1.246048821389e-07
3.160640166118e-07
4.228034920049e-06
8.267500413254e-07
1.693668299706e-06
4.010915373125e-07
1.910593904886e-05
8.917817579098e-07
1.301108457525e-05
6.199344950899e-06
3.509176394131e-07
2.150027583462e-06
3.239064701630e-07
4.716231509195e-06
4.929241501761e-06
8.156108696097e-05
1.785990925098e-05
6.965202813082e-07
3.293860843033e-06
5.373454504224e-06
7.006694187251e-06
1.315546132981e-06
3.076949558535e-06
3.677213644140e-07
6.547306700889e-06
1.739175120269e-06
1.479541234438e-06
5.503185420704e-06
1.016038548074e-05
8.865855219998e-06
2.238707874089e-06
3.388371281485e-06
3.472393170486e-06
3.260168090200e-06
2.418743115528e-06
1.038479389674e-05
1.636396205133e-06
4.239560321409e-06
9.286521720167e-05
4.429959464149e-06
4.554408948789e-06
3.229336328927e-06
1.817324244236e-06
6.335195726880e-06
6.310208531852e-07
4.537102413376e-05
5.376282070391e-07
1.961415239117e-05
6.526996751662e-06
2.759791134001e-06
1.225137272515e-06
1.045417390085e-06
4.415868500034e-06
2.284720342218e-05
1.384466636503e-06
9.109224229563e-06
3.241028443259e-06
1.329068491478e-05
5.574559399076e-05
1.866838860391e-05
9.471332189849e-06
1.812210800176e-05
4.749970619852e-07
2.090342441705e-06
5.137888534211e-06
8.342298207939e-07
1.724782417926e-06
4.461820954949e-06
2.812616956116e-06
2.247625005708e-06
1.193281616325e-06
1.846170012514e-07
2.593218458917e-07
1.538197113155e-07
5.363521146613e-07
2.341619706865e-05
8.817288549479e-07
3.788469269070e-07
2.897484712815e-06
1.909418624847e-07
2.342340648018e-06
1.424830435891e-05
3.689904103844e-07
6.026264193185e-07
1.416673835255e-06
4.724226309818e-05
7.331465211444e-07
1.269151798389e-07
1.128666262978e-05
5.819914621842e-06
3.910436681767e-06
1.886530131740e-06
7.233600791232e-07
1.906678579226e-06
1.117738805615e-07
9.455202451351e-07
1.366554408262e-05
4.369145053640e-05
4.565128340963e-06
2.384472887796e-05
3.151468948680e-06
7.494773880701e-07
1.040182314055e-05
9.828842509449e-06
1.394751922829e-06
2.245709659278e-07
1.525680470837e-06
1.159363719914e-05
1.817047749456e-06
4.962954984431e-06
4.823130769226e-07
1.582100103543e-06
3.045187794470e-06
2.170855802530e-06
1.324531060552e-05
2.503226068090e-06
6.990298750297e-06
2.342683288936e-06
5.767183771964e-07
7.226963163883e-06
7.725783268557e-06
1.991755970883e-06
2.195488769892e-07
4.458767382854e-06
2.902716626173e-05
1.830963611082e-06
6.513619796256e-06
4.948188076341e-06
3.813311498966e-05
4.953296138997e-06
3.135009363099e-06
2.402187838307e-05
2.170771203797e-05
1.724811606691e-05
1.663046816855e-07
4.779130319215e-06
1.137505879826e-07
2.136379410718e-05
2.524288498463e-05
1.620084200563e-07
5.850289267963e-07
4.260789633499e-05
3.063252839688e-06
2.104573063368e-05
