5.317907590742e-07
4.163745441805e-07
5.039695508469e-07
1.857616267889e-06
1.602164647219e-06
8.578762376441e-07
5.310192336047e-07
3.908206719077e-07
6.124630641517e-07
3.882642620664e-06
4.121357700790e-07
1.544490925193e-06
2.149745139555e-06
1.340634048962e-07
8.102018643962e-07
4.411932243056e-06
2.773869723311e-06
1.021891761924e-06
4.403390067501e-06
2.643566158405e-07
7.714461920313e-07
2.377890258368e-05
1.703669324901e-06
1.656478751753e-07
8.115810151688e-07
5.535917593282e-07
2.800679898834e-07
8.169544854496e-07
5.599323838844e-07
2.034537684818e-06
6.544358128716e-06
2.535922066240e-06
2.950109990669e-06
4.393601566086e-07
1.944387090231e-06
2.338834202493e-06
2.406572559111e-07
2.032471876773e-06
5.169566823327e-07
1.452782823232e-07
1.608625224920e-06
8.306552223664e-07
1.676736278414e-06
1.192229944603e-06
6.456321100734e-07
9.962549844598e-07
5.460660773783e-07
5.532065079682e-07
3.098310669144e-06
4.379705681341e-07
2.128642337960e-07
1.154116205790e-06
1.688709390014e-07
5.615440858294e-06
4.154272854242e-06
2.089314906438e-06
1.350854919919e-06
4.641809863808e-06
9.840099596525e-07
3.055682270190e-06
8.665180974579e-06
6.553506321670e-06
9.056960045930e-06
3.791413717989e-07
2.057106894864e-07
7.063943974399e-07
3.766845414035e-07
7.186563311131e-07
1.399470286066e-07
2.626728255868e-06
1.501541469382e-06
2.193523622062e-06
9.872409465094e-07
5.553561373891e-07
4.398455495200e-06
1.406436614858e-05
1.711069704609e-06
8.554025507242e-06
3.720089861327e-06
5.306054757551e-07
2.797205878029e-06
1.306352552801e-06
3.357708173834e-06
3.112643075172e-06
5.774000991425e-07
6.188564241265e-07
1.400794657741e-05
1.700507709866e-06
4.697791498988e-07
6.750118482988e-06
6.537669299839e-06
3.268772054834e-06
6.353984959267e-07
4.618590316911e-06
9.363821544168e-07
1.981649355548e-06
7.399395604737e-07
9.283391966781e-07
6.653246125785e-07
2.514619580227e-07
1.179125108054e-06
8.637781253527e-07
1.710258523296e-06
2.540877342654e-06
1.237257908656e-07
4.515286764195e-07
6.281090754173e-06
9.891483181280e-07
4.031229639329e-06
4.796075480657e-07
1.220908367587e-06
1.015166783658e-06
5.471633395735e-06
3.785096431911e-06
7.501377683876e-07
8.707751722456e-07
5.288820513813e-07
1.292307779914e-07
2.976988660732e-06
1.504186518083e-06
1.258050444731e-05
4.131462718171e-07
1.545942217696e-06
1.818295587641e-06
4.221177856476e-07
2.493794970862e-06
8.335877638405e-07
1.819178449728e-06
1.094396685803e-06
3.464941221575e-06
1.567737324063e-06
2.894188473418e-07
1.084658140908e-05
1.075414269685e-07
2.990044687075e-06
1.521704178975e-06
1.385417656622e-06
3.401926545470e-07
5.392039650416e-07
6.711435924871e-07
3.277927441861e-06
7.492512604243e-07
2.403442212579e-07
3.662858759998e-07
1.106596937435e-07
2.795464781313e-06
1.312948026159e-06
1.766477655954e-06
1.295585102567e-05
5.235516821152e-06
8.738509975448e-07
3.178979526756e-07
3.263875886382e-07
2.007508768770e-06
8.488389322024e-07
4.184949523653e-07
2.341444586926e-06
8.127343550622e-06
2.376274699158e-06
8.481515204687e-07
3.805750289626e-07
1.232719663828e-06
1.354852798409e-05
6.212404926548e-06
1.603917936693e-06
3.073684817066e-07
5.361140501130e-07
7.396757392631e-07
6.806953876935e-07
7.924066108060e-06
2.895860434815e-06
1.675648684317e-06
9.517199039345e-06
2.851168513893e-07
8.442983020914e-06
2.313889914678e-06
4.262224312269e-07
3.377657659618e-07
3.228521305645e-07
3.609981200071e-06
1.334654643637e-06
1.485491327858e-06
5.697171634956e-07
1.545384077853e-06
1.521430310914e-06
4.468308914512e-06
5.003172047462e-06
4.255969952822e-07
2.905598087806e-06
2.505225074079e-06
2.274412610441e-06
8.062555069830e-07
1.919810545020e-06
1.374967249553e-06
1.840387164407e-06
8.487689018986e-07
4.629914611225e-07
1.825956050890e-06
2.691117195428e-06
1.156122145188e-06
4.787851528127e-07
2.643735515125e-06
2.247224172904e-05
3.709575431205e-07
8.679075977146e-07
6.751611387580e-07
1.366969101327e-06
8.502992323356e-07
1.773225690458e-06
9.285740802744e-07
8.488001549331e-06
2.030283909392e-06
2.401148076085e-06
4.948938453265e-07
1.284410089183e-06
1.926640720568e-06
2.297199165373e-07
6.567531087431e-06
3.689188446925e-06
5.528998082230e-06
3.132134432895e-06
2.189956539672e-07
2.198618564701e-06
5.164196484160e-07
9.346404819919e-07
2.185156388286e-06
8.765641071646e-07
1.226742355138e-06
2.033964956960e-06
1.156940999087e-06
2.952291863649e-06
3.754578309433e-07
2.110497303186e-06
3.933822393113e-07
2.446008223969e-06
1.290771948314e-07
1.644605017767e-06
2.554062653376e-06
5.938405345506e-06
3.889870356024e-07
8.746027010587e-06
4.504274995383e-06
1.781912707159e-06
1.900279196730e-06
9.819364790302e-06
2.441360863384e-07
1.065317921393e-06
5.207432312323e-07
6.436304326520e-07
1.577577987085e-06
5.337570696326e-07
3.418732076663e-06
5.116804407549e-06
1.390840840278e-07
2.124270477831e-07
1.455610856572e-07
5.057692274691e-06
1.570995253850e-06
2.332319105470e-07
2.470594262392e-06
1.157478671055e-06
1.107659446214e-06
4.682325012243e-06
1.439625158510e-06
1.656947820305e-06
2.791837298563e-06
7.497089395406e-07
4.528800061932e-07
1.866605887088e-07
6.182520315221e-07
1.349252474219e-06
2.442864240056e-06
1.777835256148e-06
2.279576181985e-06
9.570008351598e-07
1.833598434800e-05
9.776205290826e-06
3.130642140543e-06
1.677150466594e-06
5.252172037016e-06
1.490956162594e-06
1.253947029010e-06
2.161794411052e-06
8.533023471530e-06
2.836506854524e-07
8.492861954213e-07
5.414146230498e-07
1.275396107971e-05
6.710467210280e-05
5.615339850199e-06
1.879590287243e-06
1.481312430192e-06
8.880955912279e-07
9.560998612209e-07
2.758201405129e-07
1.118873641729e-06
1.739107343059e-06
2.092739072590e-07
5.857286511861e-06
1.070026427716e-06
1.731922519360e-07
1.423145436414e-06
4.413664146718e-06
7.045768880022e-07
6.825486153199e-07
4.424756195647e-07
3.153531502879e-07
8.620705262964e-07
1.881978020289e-06
6.753178939630e-07
4.567067498419e-06
8.048889885194e-07
1.256537727520e-06
3.168131102901e-06
4.800325430315e-07
2.118842125249e-06
1.366139403301e-06
