7.815571125060e-07
1.376331389883e-06
1.478820471989e-06
3.836644040104e-06
2.655235922350e-07
1.312387267226e-06
6.010048197772e-07
6.077336816127e-07
7.481943432391e-07
9.590022933833e-07
2.334142248745e-05
1.546640585219e-05
6.426015861908e-07
8.585304993070e-06
9.110950788709e-06
2.697369605800e-06
5.510995392193e-06
1.747772028544e-06
5.196819990727e-07
5.952527466203e-06
5.831990357638e-07
2.965940229163e-06
2.652865144760e-07
8.642686430964e-06
1.006017434449e-05
3.025791584086e-06
2.386535640821e-05
5.521380548216e-06
8.488515212356e-07
1.001234013814e-05
6.645779189980e-07
7.089797096461e-06
1.330606388939e-06
2.265994620041e-06
4.050324389043e-06
5.687668839640e-07
1.937621525761e-06
6.542951399621e-06
9.772422746466e-07
5.540216343329e-06
3.462712313559e-06
5.054078758593e-06
2.520936694410e-06
3.562460881908e-06
2.607375449182e-06
4.587417515688e-06
8.475659653643e-07
9.869511781419e-06
8.985742086039e-07
1.452382552714e-06
1.736382483241e-07
4.296553827432e-06
2.383887037033e-06
1.979299198253e-07
1.404111482165e-06
1.476043587641e-06
7.362092294386e-05
2.777713924591e-06
1.997511556018e-07
4.335607476165e-06
1.746810829571e-07
9.613548758514e-07
4.990297692584e-05
7.622574471454e-07
6.749933915331e-06
3.270965018152e-06
7.227142589488e-07
6.931512706357e-07
8.279368721424e-06
4.733211704881e-06
7.378805164170e-05
9.195981160065e-06
3.488359841079e-06
6.346838361740e-06
1.291644094089e-05
9.846401902392e-07
3.917892073922e-06
2.680334594023e-07
1.555477469055e-06
5.761862351517e-07
1.244507639186e-06
2.681709594430e-07
6.394026350333e-06
1.127623672506e-06
2.576177120632e-07
8.584253567415e-07
1.582540278983e-06
1.388400854261e-06
1.220757006859e-05
1.614107719406e-06
7.103875748568e-06
1.598986090237e-05
9.234009228613e-06
9.592188008231e-07
1.608853448462e-06
4.965158909825e-06
2.189582785423e-06
1.345409581875e-06
7.919458053488e-06
1.330525798992e-05
2.648339629877e-05
3.405978543396e-05
2.234119282264e-05
1.151754146815e-06
7.671832400739e-07
8.462241338735e-06
1.687048621564e-06
5.599182661071e-06
2.071394745537e-06
7.551239890579e-06
2.250057464345e-05
4.168315701467e-06
1.297985731880e-06
1.381657433352e-06
5.847152010063e-07
1.640812509032e-05
3.146231833687e-06
4.003601404836e-06
5.200542192185e-06
2.223817937416e-06
2.940141931841e-06
3.171740026455e-06
1.149901742756e-06
7.083868902463e-06
8.459535315840e-07
1.182975613005e-06
1.138677286060e-05
1.413685353750e-05
9.022710126370e-06
2.754537067439e-07
2.598838747889e-06
7.552064482343e-06
1.024753453143e-06
1.027941410063e-06
1.809261595225e-06
1.735258252494e-06
3.674558752594e-05
1.351253163606e-06
1.870959104335e-06
