5.959747068854e-07
3.512061151231e-06
3.126050651389e-06
1.905877394632e-06
1.596184852545e-07
6.950881784208e-07
7.523053498283e-07
6.123696130593e-05
7.145932477919e-07
3.258015796056e-06
3.243275797609e-07
1.565699663836e-07
2.725915017502e-06
4.652985092674e-07
2.759118981803e-06
5.261689824946e-06
2.866527902619e-07
1.106491453127e-05
8.185269463537e-07
1.785507143833e-07
3.156590833803e-06
1.320112972504e-06
8.494334959972e-07
2.746862514314e-05
2.157003720320e-07
7.886256782449e-06
1.377441778121e-06
3.492005387562e-06
4.455904985707e-06
1.364532550204e-05
2.405016536192e-07
3.962031921962e-06
3.812403192077e-07
7.342086438067e-06
6.285791291892e-06
2.581495117801e-07
2.710352495595e-06
4.731005205982e-06
1.343690287221e-06
3.673815928933e-06
3.603681335859e-06
8.873282496588e-07
1.790881291101e-06
3.531968219773e-05
2.871934141709e-07
2.811506497483e-05
6.021259663933e-06
1.125336617802e-06
4.615748674849e-06
9.744055164190e-06
6.428314450574e-06
3.916566317882e-07
4.507716398740e-07
3.281453706210e-07
1.631133920821e-06
7.850247158816e-06
3.458449233614e-07
1.519650977505e-05
1.540907019144e-05
1.399977356608e-05
1.019478131172e-05
1.464615158616e-06
9.488037798556e-07
3.513074058130e-06
3.098688186985e-06
1.774091119218e-06
3.775833500271e-06
9.598291146179e-07
2.501099651691e-06
2.003204009374e-06
6.476794967011e-05
1.021184999686e-05
1.616216114043e-06
1.870468475146e-07
2.988908125751e-06
7.597493484862e-06
3.683666684351e-06
3.887183177837e-06
9.593782285745e-06
5.832508944512e-06
4.896972655198e-06
2.121432008778e-06
3.030680538670e-06
4.890066840204e-06
1.535297194238e-07
3.689915160540e-07
2.406698830503e-05
7.220800186422e-06
9.052909765727e-06
2.269082341511e-05
1.837698308354e-06
1.135341670190e-06
6.002749653173e-07
1.300628884369e-05
5.989951072071e-06
1.534800163475e-06
7.634809568159e-07
1.026534388821e-06
2.449064758161e-06
1.510487767114e-06
5.058567807146e-07
5.784067802411e-07
1.023250333634e-07
1.234559265264e-05
5.281603463822e-06
3.041129641103e-05
3.576454906544e-06
6.672014012348e-06
1.135675335025e-06
2.045041324925e-07
1.351665403163e-06
1.427029611176e-06
1.002401972769e-05
2.561635336535e-05
9.500533860341e-07
5.330777738841e-05
1.761272616112e-05
3.742913748481e-06
