5.884352953423e-07
1.389212355599e-06
9.654347781205e-07
1.855069006707e-07
2.826771246881e-07
1.874440819314e-07
1.691247330043e-06
1.425152139474e-06
3.769996296880e-06
4.558416224731e-07
1.175934213062e-06
2.899005248006e-06
1.938197858097e-06
6.270181306662e-07
4.341180332055e-06
1.516229616265e-06
3.129772197552e-07
4.768687566579e-06
1.969981942204e-06
1.039682029893e-06
6.717638282008e-07
3.283906776911e-06
1.630340313204e-07
1.995300009441e-06
1.516677630271e-06
2.389316860193e-06
5.583001898452e-07
1.786865832692e-06
1.995181381474e-07
1.289665961808e-06
3.086888367638e-07
2.957732748190e-06
3.992292307909e-06
5.153566624992e-07
3.930458106128e-07
3.262257215634e-07
1.230586339526e-05
1.328174690451e-06
4.030592463324e-07
3.458415910726e-07
2.445870326214e-07
3.571424654225e-06
1.578456874508e-07
4.915599791608e-07
2.747960424114e-06
2.531868465248e-07
2.549571990105e-06
1.687151680294e-07
9.167809850780e-07
1.332837611420e-05
1.604269479996e-05
3.529206265456e-06
7.324237287911e-07
6.165813352727e-07
6.961227834372e-06
1.600225709589e-06
1.210517873306e-06
1.791236712433e-06
2.664439050776e-07
2.225014202619e-07
8.630931245261e-06
2.270446314808e-06
7.545760774297e-06
4.595947892362e-07
9.205380303220e-07
4.933418362055e-07
5.932882731209e-07
3.177853423890e-06
1.702276449121e-06
5.944431807679e-07
2.998438972242e-06
5.374866409820e-07
8.491273681329e-07
1.503949966168e-06
6.393456872919e-07
8.756344457567e-07
1.574249609138e-06
1.388095941186e-07
1.637219935463e-07
1.763397974403e-06
1.433003730503e-05
3.560081447678e-07
8.439096155628e-07
1.785894101707e-06
3.594328197160e-07
2.865831426386e-06
2.409928429558e-07
4.203632901759e-07
1.998134479694e-05
4.835025403441e-06
1.197856851494e-06
1.712967889494e-06
9.968426988143e-07
1.402141260426e-05
2.132724478783e-07
3.618232888369e-07
9.078855190010e-07
2.190751715755e-06
8.521524791821e-07
7.367607163625e-07
8.245861044707e-07
1.360909557018e-06
3.280898112450e-05
1.476582936480e-07
4.911826992019e-07
4.040793038095e-07
2.543424096615e-06
9.819199881527e-07
1.572349332790e-06
1.387166573645e-05
8.475337916709e-07
4.786805156862e-06
4.271348171877e-07
9.127889719355e-07
1.008129547610e-06
1.267451235446e-07
1.472615016994e-06
9.480068900584e-07
2.117901757411e-06
7.883081028964e-06
2.157700662956e-06
2.251242571495e-07
4.082694029964e-07
2.447257122325e-06
1.204336072322e-06
3.454460412453e-07
9.348083952868e-06
1.176819572661e-06
2.962788440824e-06
3.848173181489e-07
1.089829182963e-05
1.443278562444e-06
4.143971616269e-06
6.997099162883e-07
1.169297417398e-07
1.672579944624e-06
4.870882031992e-06
2.254581714823e-06
4.210473424385e-06
5.646356573328e-07
1.040766154174e-06
1.281662842074e-07
5.516769135288e-06
4.677730289535e-07
2.075219271750e-06
2.380426715586e-06
2.296320643870e-07
1.941991614144e-06
8.779734442399e-06
3.482948411267e-06
6.018887084927e-07
3.603262783756e-05
5.132340974318e-06
4.756724351390e-07
7.083860513036e-07
7.478842674673e-07
2.286489444684e-06
2.394022368107e-07
5.508441017094e-07
1.319304972353e-06
5.454841362138e-07
1.186622683237e-06
3.064403692055e-07
6.213346076004e-06
8.762092932911e-07
2.734813228624e-07
1.329584630203e-06
1.264428622495e-05
2.002611529690e-07
5.579649201504e-07
8.958737313728e-07
1.863549189470e-06
1.513786701703e-06
4.231271856854e-06
3.929760575586e-07
6.354441718997e-06
3.960108350669e-06
2.972085230606e-06
4.144455950960e-07
1.242013301531e-06
5.849146064523e-07
1.063020246654e-06
1.066476480567e-06
2.269168591944e-07
1.743562254622e-06
9.492380648492e-07
1.622257157541e-06
2.577127346611e-07
2.530694923470e-07
2.616908567092e-07
1.273280355208e-06
2.788232402899e-06
1.754984291515e-06
1.193471554220e-05
2.412865307406e-05
2.154957081049e-07
1.078693428617e-06
2.768846007319e-07
7.166738636366e-07
3.515713260026e-07
8.205118360017e-06
1.530378702360e-06
2.930211487705e-06
1.161449348711e-06
1.770764857565e-07
1.103390473076e-06
4.765043153537e-07
1.341611878795e-07
2.449369994203e-07
1.099020568080e-07
9.505046797147e-06
1.154875816452e-06
4.773701194479e-07
1.328613154461e-06
3.570653887303e-07
6.290636288491e-07
2.236227395446e-07
8.910578331116e-07
1.480244827581e-06
1.161844022661e-06
7.899262820801e-07
3.498068968860e-07
2.186467357910e-07
2.185864563746e-06
2.478500576320e-07
6.410504733996e-07
5.078946706267e-07
6.450665521934e-07
1.720830320213e-06
6.615458159616e-07
7.190861042812e-06
4.507028911947e-06
7.705200470485e-07
1.884720252140e-06
9.895672919054e-07
9.021087637226e-06
2.641524989507e-06
1.050404459243e-06
4.622222224935e-07
1.612443709421e-06
7.122248163363e-07
2.083967200247e-06
3.637503340641e-07
3.011921063171e-06
5.216070979135e-06
1.416540938645e-05
2.868832137075e-06
1.389411723888e-06
2.937899907803e-06
1.497946369837e-06
3.510653387345e-07
5.957803365182e-06
4.494840534016e-06
7.108678515241e-07
2.608035968443e-07
5.315915322801e-07
1.247296962303e-05
3.533828458163e-07
5.638093309965e-06
1.118257655863e-07
1.952488021998e-06
1.426641722260e-06
4.146449310964e-07
1.078951380444e-06
1.769345821736e-07
1.033207878476e-06
1.649847325552e-06
2.477097961652e-06
3.132668024829e-07
2.679082877642e-06
3.558042505368e-07
2.079952927142e-07
2.580773784032e-07
1.322725744095e-06
2.824048390325e-06
2.874453975442e-07
6.850835246213e-07
