4.001745463803e-07
6.194656463172e-07
3.355222318799e-06
1.018627238547e-05
4.053678946705e-06
5.261048120350e-07
2.892048201697e-06
5.553932971895e-07
7.784372565591e-07
1.208592319484e-06
3.839659548531e-07
1.121705773376e-05
2.054994572731e-06
1.048334164003e-06
6.242065003689e-07
1.123565053470e-06
1.355400308836e-05
4.222597272629e-07
1.671572086560e-05
2.788123359769e-05
1.438174349898e-06
3.043331739894e-07
1.191551108770e-07
1.317871102777e-07
4.386899671128e-07
2.270750115335e-07
4.322003839093e-07
3.355024767336e-06
5.679640970580e-07
1.174573740112e-06
3.012124914090e-06
2.714647214375e-06
8.841226545030e-07
1.705116463590e-06
2.725560144482e-07
4.218469779925e-06
1.195971698689e-07
6.405105011660e-07
2.201382852197e-06
1.940508027340e-07
3.148102980354e-06
5.346916967211e-07
2.338062692780e-07
7.626820791063e-07
3.122094843381e-07
6.803510537611e-07
5.504778235470e-07
1.466816130601e-06
1.224214763921e-06
1.965417909454e-06
1.605187294860e-06
1.124465494441e-06
4.304475182992e-06
1.226273106723e-05
1.398300947899e-06
4.434432699347e-07
1.451711443669e-06
1.400779814123e-06
3.750022434734e-07
4.260141114195e-07
9.060749948477e-07
3.143589230531e-07
9.921817811124e-07
6.363397532365e-07
2.229187273871e-07
3.779334643853e-07
1.843491455407e-06
9.451831675669e-07
5.154905730347e-07
8.126788227145e-07
8.771322850938e-07
2.407128749907e-06
1.322277979798e-06
1.044712250765e-05
7.300265893426e-07
2.663147417505e-06
1.702770166518e-06
2.215966251119e-05
1.754657777518e-06
5.513197724953e-07
4.157630647251e-06
5.189730397516e-07
6.131699847667e-07
1.203168586004e-07
3.699741471273e-07
2.804813976319e-07
2.223499942763e-06
3.752725853087e-06
4.097347092966e-06
2.921134963859e-07
1.217044587153e-07
2.176216316073e-06
2.213461289725e-06
4.937219233617e-07
1.642388593568e-07
3.286118416279e-07
4.138427995777e-07
1.089832157892e-06
2.952602137737e-06
2.931848957182e-07
7.843979225731e-07
1.078980228301e-06
4.714737266632e-07
1.463194605486e-06
3.413146507491e-06
2.419433461187e-06
2.746990248375e-07
1.486548929992e-07
2.403145525451e-07
1.109380413080e-06
1.942795714794e-06
7.532085166709e-06
2.130823099225e-07
6.186546894401e-06
2.245521597545e-06
2.837385703229e-06
6.683248705059e-07
3.434664127397e-07
2.224036437543e-06
2.682079434073e-06
6.289002898709e-06
1.694539418786e-06
1.593205145116e-07
7.824669543985e-07
1.288943364299e-06
1.503202662043e-06
9.706489774708e-07
4.753104600248e-06
6.497356660664e-07
9.737459464204e-07
1.384439407997e-06
2.675443783174e-06
2.512550048421e-06
3.316718296348e-07
4.561841185681e-07
1.866544436726e-07
5.461126179751e-07
5.911266359389e-06
8.044592010795e-07
1.246215977521e-06
3.744975038555e-06
1.311947414422e-07
2.951531374568e-07
4.707188557061e-07
1.399877283497e-06
6.990336316943e-07
2.730304727458e-07
4.623601592422e-07
2.802919319482e-07
4.519335072596e-07
1.019116986952e-06
3.595987031437e-07
1.653162653106e-06
4.443160906446e-07
2.065425125082e-07
9.369309695555e-07
6.448145336217e-07
2.171526724589e-06
2.937266582549e-07
2.473503591121e-06
3.710144950258e-07
1.589780948861e-06
3.358360916370e-06
1.673579836361e-06
1.423790938200e-05
3.884777703535e-06
1.044091619322e-06
5.717937608773e-07
6.482146126925e-07
2.803269617530e-06
2.684540074171e-07
4.770154828859e-07
1.849708298198e-07
4.676387200260e-07
2.433694396549e-07
2.448017729450e-06
1.613163163528e-06
2.572682484072e-06
2.154223682357e-06
1.472313905023e-06
2.673214276793e-06
2.183890881963e-06
4.256641216114e-07
2.770887505285e-07
4.678110813770e-07
1.849725751878e-06
3.549716999929e-06
4.322844514472e-07
2.290555097264e-07
1.349149052861e-06
1.164214256267e-06
1.970799523974e-07
1.599308261055e-07
3.632019251218e-07
5.863079332348e-07
1.020557832972e-06
7.082373560895e-07
4.120056459006e-07
5.085157238934e-07
1.426571744329e-06
1.911262973349e-07
3.936921598542e-07
3.054427225202e-06
2.430176757802e-07
3.967754143531e-07
1.436585606215e-06
9.480232980207e-07
8.688298402430e-07
6.252123367972e-07
1.750279250215e-07
3.445459678688e-06
2.424995461078e-07
1.242329136161e-06
1.233186848690e-06
6.127214268908e-06
3.194317040177e-06
1.820090460910e-07
3.513088847740e-06
1.595174386349e-06
1.537356329990e-06
2.041538349212e-07
4.356727882441e-06
7.421803127770e-07
3.187134898015e-06
1.013878277352e-06
8.455479680538e-07
3.069704261340e-06
4.923648239440e-07
8.744940457228e-07
1.395388056530e-06
1.908220751231e-06
1.087473025396e-07
3.441566680335e-07
9.103286370037e-07
3.826255358627e-07
1.186500347153e-07
3.879611990633e-06
3.225094909051e-06
6.050919491942e-07
5.411004795294e-07
4.801753765856e-06
2.825617523437e-07
1.553843179667e-06
2.092099800725e-07
1.984520431632e-06
2.108001978697e-06
9.415559219445e-06
5.207224277534e-07
6.835143604721e-07
2.623500830869e-07
2.199312732609e-06
7.177523762391e-07
6.812892959117e-07
8.072303487018e-07
1.484549295185e-06
1.526700971924e-06
8.572309029982e-07
2.222486078442e-07
6.531744871552e-07
3.879766643686e-06
2.601130976897e-06
1.199604588229e-06
2.430029605610e-06
1.332145132238e-06
3.677646136447e-06
2.610659499285e-07
2.163816657702e-06
3.958764853315e-07
1.148427839738e-06
1.200268051466e-06
1.130843823130e-06
1.692174315432e-06
5.205366253770e-07
3.932689950290e-06
2.566849320545e-07
8.527705778454e-07
5.880611820753e-07
1.262947580823e-06
3.561036700211e-06
1.029176379054e-07
1.496535087375e-06
3.171549188948e-06
1.378230752915e-07
7.417910258585e-06
2.630867218827e-07
4.543893910669e-07
1.647221594710e-07
1.974697447093e-06
3.504332087026e-07
1.759709748499e-07
1.389551088489e-07
6.541473025819e-07
1.676416312735e-06
2.715325327882e-07
2.269548684088e-06
4.234351559536e-07
1.752968338076e-06
1.568869173853e-06
2.082342308157e-06
4.382336254294e-06
3.912895505856e-07
9.644978756641e-07
5.179398957269e-07
2.499664467367e-07
1.815119007673e-07
1.127709129875e-06
3.135029712751e-06
2.062006137630e-06
1.149561045835e-07
1.513743553811e-06
1.179527724978e-06
2.465868035886e-06
2.981555847939e-06
5.309401704436e-07
4.382909761761e-07
3.920100618674e-07
1.296311216935e-07
3.901431160439e-06
5.196302543137e-07
2.014528287148e-06
1.107353437610e-06
2.992987080795e-07
4.870344236744e-06
9.184192978400e-07
1.506883226345e-06
9.793919401145e-07
3.666554058001e-07
8.119208848775e-06
7.885619550724e-07
1.296665762099e-06
3.380722040022e-07
4.987855184295e-07
1.053132344572e-07
1.157877492211e-06
1.653551566417e-07
9.689454379709e-06
7.196408718216e-07
3.032104120267e-06
1.778790861914e-06
8.083247958915e-06
5.297455087824e-06
2.007294715892e-07
3.478883302846e-07
1.470731231077e-06
6.437001662304e-06
7.614076340525e-07
1.262460327836e-07
1.064952509011e-06
5.011600208686e-07
1.181568851519e-06
1.964197492205e-07
4.123617080285e-06
3.272065605248e-07
2.183923148133e-06
7.853571404836e-07
5.314777965293e-07
1.185240426692e-06
1.239974744396e-06
1.180632463634e-05
4.111675252413e-07
1.034129693434e-06
1.518714529755e-07
1.539322660104e-07
7.027343854566e-07
2.381643041032e-06
2.731363104980e-07
1.252275500257e-06
1.139555310579e-07
8.499012176530e-07
1.143137502649e-06
4.578914127383e-07
3.495916199350e-06
5.991998287941e-07
1.168926236888e-06
2.172387226488e-06
5.148701764465e-07
2.323452316848e-07
4.025290732929e-07
5.682193520356e-07
3.561166631802e-07
4.747551539279e-07
3.356333027036e-07
4.118678167389e-07
4.795113368052e-07
1.005325055102e-07
8.731252027642e-07
7.562780274432e-07
1.878143390371e-06
9.274714536190e-07
1.875232921218e-07
1.459728120937e-06
1.978484835480e-07
1.445027729318e-06
9.088924604160e-07
2.659827580690e-06
3.834884975503e-07
2.320785260688e-07
4.771503038241e-06
1.430963224812e-06
1.453980849692e-07
6.717217967107e-07
3.994679124597e-07
2.405043917854e-07
7.716230929182e-07
1.512092443077e-07
1.384217109837e-06
8.017558403533e-07
3.592993691784e-07
1.465710513108e-07
1.697808605614e-07
5.807279598559e-07
4.508498447022e-07
6.578442947401e-07
2.489951842154e-06
6.269852432813e-06
4.426198272690e-07
4.168602849780e-07
2.504332606421e-06
2.519292283070e-06
2.429488901860e-06
1.165601929962e-06
2.621515762111e-06
6.146982430555e-07
1.285935397651e-07
3.718295141590e-06
9.706823769715e-06
1.044354477390e-06
4.557484996654e-06
2.262519740359e-07
7.270440230290e-07
4.293694385718e-06
1.956040329984e-06
1.677367606325e-06
1.421379924536e-06
1.570660375051e-06
6.435701313001e-07
4.289987719299e-06
4.066244765025e-07
9.977279955832e-07
1.203073450612e-07
5.959363755628e-06
1.158450967722e-06
5.299283224275e-06
4.617166717564e-07
1.000430016282e-07
6.039788762259e-07
1.268043815553e-06
5.806769719464e-06
2.494445588399e-07
6.356574358029e-07
1.220616505522e-07
4.689777134583e-07
1.357301792726e-06
3.649439149150e-07
1.702896332252e-06
2.179686476068e-07
1.915807141034e-07
1.846611248062e-06
9.795127521025e-07
5.590819828853e-07
1.431464509442e-06
1.958109781640e-06
1.063200898800e-06
1.325824714510e-06
3.092709031664e-07
2.768719606738e-07
