2.504530078125e+04 1.784713281250e+04 1.080776269531e+04 7.258182812500e+04 3.917210546875e+04 4.134888671875e+04 3.733053125000e+04 1.097901855469e+03 2.013024218750e+04 6.407896875000e+04 1.395944335938e+04 5.763754296875e+04 3.315232031250e+04 4.012989843750e+04 6.271587890625e+03 2.493823632812e+04 1.125665390625e+05
5.276985156250e+04 1.143381093750e+05 4.904792968750e+04 1.260988593750e+05 5.463910937500e+04 2.313248125000e+05 6.410076171875e+04 7.127411621094e+03 2.365969140625e+04 4.286073046875e+04 1.281720390625e+05 2.997382617188e+04 4.462326562500e+04 1.631342578125e+04 1.321799316406e+03 3.308276171875e+04 1.024957714844e+04
1.184248657227e+03 7.355503906250e+03 6.802510986328e+02 9.187162109375e+03 5.107635253906e+03 2.677971484375e+04 3.057563964844e+03 2.004979980469e+03 1.460895263672e+03 5.668848632812e+03 4.556472167969e+03 3.219319580078e+03 3.111458740234e+03 1.230023315430e+03 2.934830093384e+01 6.467411499023e+02 1.824652587891e+03
1.102277125000e+06 3.285732812500e+05 5.688413125000e+05 8.273037500000e+05 1.152409625000e+06 1.415658375000e+06 8.086854375000e+05 9.999634765625e+03 1.893673750000e+05 3.220466250000e+05 6.852480625000e+05 1.735863281250e+05 2.261421250000e+05 2.469172031250e+05 5.053921875000e+04 6.661071875000e+05 3.264969375000e+05
5.133325781250e+04 3.129827343750e+04 5.602897265625e+04 4.584608203125e+04 6.175707812500e+04 1.179939843750e+05 4.468121093750e+04 2.204835815430e+02 3.186229492188e+04 2.897884570312e+04 3.897644140625e+04 5.643821093750e+04 5.128598046875e+04 9.994474218750e+04 5.299167187500e+04 3.437248046875e+04 3.186293945312e+04
2.049503173828e+03 1.950198242188e+04 2.401551513672e+03 2.332508984375e+04 7.705846191406e+03 5.549419921875e+04 7.509298339844e+03 3.868603759766e+03 7.361190917969e+03 2.327585742188e+04 7.293816406250e+03 1.061329785156e+04 1.127170507812e+04 5.070821289062e+03 7.506645965576e+01 3.051065429688e+03 4.847454589844e+03
1.964388085938e+04 5.527766796875e+04 1.841354101562e+04 5.252890625000e+04 2.706288281250e+04 4.414238281250e+04 3.525857421875e+04 2.951495849609e+03 2.933184765625e+04 6.703888281250e+04 3.629384375000e+04 4.519369140625e+04 3.482679687500e+04 5.432679687500e+04 7.583741210938e+03 8.522712890625e+03 4.433574609375e+04
2.996177343750e+04 4.115494140625e+04 2.000656640625e+04 2.642896093750e+04 3.098891796875e+04 1.772768593750e+05 1.797769531250e+04 3.749645019531e+03 6.430912109375e+04 5.522658203125e+04 9.854331250000e+04 5.386081640625e+04 5.624768359375e+04 7.647927734375e+03 2.000636328125e+04 2.086883007812e+04 4.318403125000e+04
1.866861250000e+05 9.594137500000e+04 5.823209375000e+04 1.376967968750e+05 3.156190625000e+05 6.442750625000e+05 2.350867187500e+05 9.894750976562e+03 5.984024218750e+04 1.106072109375e+05 8.978693750000e+04 8.777430468750e+04 8.937075000000e+04 3.417604062500e+05 1.698287304688e+04 7.772854687500e+04 2.872630273438e+04
2.081257968750e+05 1.242916953125e+05 7.290479687500e+04 2.051589375000e+05 2.774998750000e+05 5.047663750000e+05 1.621287343750e+05 8.006371582031e+03 7.266938281250e+04 3.287350625000e+05 1.446546562500e+05 1.239151093750e+05 1.456070937500e+05 1.172088125000e+05 2.276946484375e+04 1.341758281250e+05 2.724851250000e+05
6.535922500000e+05 2.340363906250e+05 5.379190000000e+05 2.365616562500e+05 6.138035625000e+05 2.910946562500e+05 5.335991250000e+05 8.722816772461e+02 5.530158203125e+04 1.148348515625e+05 1.306490312500e+05 1.594746250000e+05 1.382476093750e+05 1.311447968750e+05 1.007587011719e+04 1.835172343750e+05 5.524019531250e+04
1.828989687500e+05 1.360844062500e+05 1.453386875000e+05 8.867150781250e+04 1.645159687500e+05 2.953213750000e+05 2.309075156250e+05 4.373540039062e+03 2.491496093750e+04 1.071089140625e+05 1.486852968750e+05 4.682062890625e+04 5.933959375000e+04 6.143060546875e+04 1.297470605469e+04 5.145709375000e+04 7.848038281250e+04
5.940325390625e+04 7.775906250000e+04 2.976194140625e+04 6.726934375000e+04 8.821881250000e+04 2.694194687500e+05 4.281912890625e+04 5.251629394531e+03 7.652937500000e+04 1.961775468750e+05 7.064236718750e+04 9.110412500000e+04 1.077579375000e+05 6.569259375000e+04 4.588746093750e+04 8.154743750000e+04 6.717412500000e+04
4.304308437500e+05 1.583055781250e+05 8.328953125000e+05 2.446280312500e+05 4.342688125000e+05 4.858154687500e+05 3.820820000000e+05 7.986268920898e+02 9.148516406250e+04 1.790946562500e+05 2.207506718750e+05 9.279378125000e+04 1.190083906250e+05 1.282397187500e+05 2.904418945312e+04 4.590060312500e+05 6.528871875000e+04
2.323968750000e+04 4.454957421875e+04 1.783282958984e+03 4.309643359375e+04 2.736269921875e+04 9.749045312500e+04 2.014776367188e+04 3.025803125000e+04 1.402269140625e+04 4.777870703125e+04 3.471766796875e+04 2.231193945312e+04 2.296872851562e+04 1.165132128906e+04 1.298207702637e+02 5.333090332031e+03 1.758642187500e+04
5.559655859375e+04 7.177350000000e+04 7.989201562500e+04 8.451012500000e+04 5.747675000000e+04 4.937562890625e+04 4.142245703125e+04 1.302017211914e+03 4.735964453125e+04 1.842986523438e+04 5.808380859375e+04 3.012508789062e+04 3.224047265625e+04 5.553471679688e+03 4.274345703125e+03 3.033332421875e+04 1.681746679688e+04
7.725289062500e+04 7.320157812500e+04 6.691552343750e+04 1.018314218750e+05 1.004379140625e+05 2.129557812500e+05 1.060971640625e+05 2.057322753906e+03 7.526196875000e+04 1.013443437500e+05 6.329728515625e+04 1.007012421875e+05 1.086661406250e+05 2.144281875000e+05 7.723439843750e+04 6.684726562500e+04 5.731267187500e+04
7.727735156250e+04 2.940694921875e+04 2.463165429688e+04 1.886624687500e+05 1.058537421875e+05 8.454501562500e+04 8.211009375000e+04 1.747084228516e+03 5.616793359375e+04 9.790032031250e+04 3.784969921875e+04 8.582985156250e+04 5.043466796875e+04 1.204419218750e+05 1.247642382812e+04 7.230419531250e+04 2.364533281250e+05
5.830295703125e+04 8.811140625000e+04 5.958557812500e+04 1.062988281250e+05 4.632744140625e+04 2.989828750000e+05 6.894793750000e+04 8.664751953125e+03 8.335827343750e+04 7.132722656250e+04 2.933485312500e+05 4.507032421875e+04 6.192322656250e+04 4.730958593750e+04 5.971791992188e+03 3.030459375000e+04 3.420714843750e+04
1.580850488281e+04 5.224172656250e+04 1.950745898438e+04 2.297317187500e+04 2.656303515625e+04 9.899453906250e+04 1.295433496094e+04 5.158215332031e+02 3.641434765625e+04 6.157791015625e+04 4.564207421875e+04 3.704061718750e+04 4.227172656250e+04 1.985784179688e+04 3.798236328125e+04 1.636731347656e+04 2.464044140625e+04
6.984476562500e+04 1.390230937500e+05 3.742768750000e+04 1.675364375000e+05 1.113267890625e+05 2.568680156250e+05 6.683335156250e+04 8.723350585938e+03 1.383913281250e+05 3.485477500000e+05 8.317014843750e+04 9.000614062500e+04 1.041854531250e+05 3.177236132812e+04 1.236665722656e+04 9.917886718750e+04 1.398747968750e+05
1.064633984375e+05 9.884801562500e+04 4.423641406250e+04 5.675208203125e+04 8.269715625000e+04 2.825728125000e+05 6.668257812500e+04 2.780613769531e+03 6.722153906250e+04 5.188201171875e+04 4.776554062500e+05 8.715086718750e+04 9.431962500000e+04 2.635713476562e+04 2.263237890625e+04 3.992696484375e+04 2.701727539062e+04
6.776553125000e+04 3.359737109375e+04 4.510255078125e+04 8.604004687500e+04 7.310247656250e+04 2.108364843750e+05 1.094676093750e+05 5.654588867188e+03 1.190515039062e+04 5.410250781250e+04 9.883346093750e+04 2.430424804688e+04 2.672206445312e+04 1.164745937500e+05 9.080877929688e+03 3.305171875000e+04 8.576078906250e+04
8.185189843750e+04 1.202819296875e+05 1.682991796875e+04 9.624335937500e+04 1.556420156250e+05 2.024395937500e+05 4.988317187500e+04 2.736619628906e+03 7.142625781250e+04 1.149907109375e+05 5.538130468750e+04 1.204756953125e+05 1.052601796875e+05 2.280350585938e+04 7.341865234375e+03 4.736415625000e+04 2.290203515625e+04
8.976735351562e+03 1.219372363281e+04 9.779865234375e+03 1.483262011719e+04 1.241898339844e+04 4.064391796875e+04 1.132097265625e+04 5.656803131104e+01 1.441741503906e+04 1.182077148438e+04 1.419455078125e+04 9.724587890625e+03 1.056523925781e+04 1.545375000000e+04 1.539052050781e+04 4.443049316406e+03 1.202560839844e+04
2.292652250000e+06 5.083789687500e+05 9.096336250000e+05 1.135627375000e+06 2.482092250000e+06 2.612292500000e+06 2.234991250000e+06 4.722543457031e+03 2.514639218750e+05 6.020794375000e+05 7.429807500000e+05 2.752705937500e+05 4.343823750000e+05 1.041542500000e+06 4.415827734375e+04 7.242328125000e+05 3.929247812500e+05
1.084555957031e+04 6.761401367188e+03 4.097075195312e+03 2.536999218750e+04 1.387914453125e+04 2.909989843750e+04 1.969875976562e+04 2.509426727295e+02 2.174148046875e+04 1.078421386719e+04 1.152323242188e+04 1.614809765625e+04 1.180088867188e+04 1.595671289062e+04 1.686266210938e+04 1.517193457031e+04 1.792931054688e+04
9.963119531250e+04 1.081678828125e+05 7.568503906250e+04 6.892977343750e+04 1.006196484375e+05 2.393400000000e+05 5.414707812500e+04 2.097696289062e+03 7.851980468750e+04 9.874031250000e+04 9.856892968750e+04 1.249348906250e+05 1.032306093750e+05 6.232660546875e+04 1.426714843750e+05 8.485824218750e+04 4.891676953125e+04
6.119399375000e+05 3.701912500000e+05 7.743442500000e+05 6.429946875000e+05 6.163167500000e+05 6.934958750000e+05 5.211703750000e+05 4.651926757812e+03 1.926440625000e+05 3.008325625000e+05 4.000318750000e+05 2.800463437500e+05 2.456770781250e+05 1.792724531250e+05 3.316707421875e+04 7.212890000000e+05 1.043707656250e+05
8.143954101562e+03 2.542878906250e+04 1.343426269531e+03 2.066137109375e+04 8.198061523438e+03 3.521801953125e+04 7.696672363281e+03 3.225949218750e+04 8.471459960938e+03 2.184118750000e+04 1.963773828125e+04 1.185418066406e+04 1.075233300781e+04 8.654265625000e+03 3.894881896973e+02 2.012891357422e+03 6.482348632812e+03
8.407984375000e+04 9.503700000000e+04 1.678880273438e+04 2.878127812500e+05 1.099542187500e+05 2.010948906250e+05 7.500147656250e+04 9.314860351562e+03 1.963959375000e+05 1.556751250000e+05 1.204693906250e+05 1.721039218750e+05 1.310876406250e+05 7.644422656250e+04 6.637631835938e+03 4.945514843750e+04 9.299131250000e+04
5.332795410156e+03 1.822492968750e+04 9.955919189453e+02 1.523158203125e+04 5.352619140625e+03 2.179590039062e+04 5.135684570312e+03 1.066261328125e+04 7.555802246094e+03 2.057255859375e+04 1.005382421875e+04 7.351717285156e+03 8.016291503906e+03 8.273681640625e+03 8.766566162109e+02 1.994727416992e+03 5.315113281250e+03
3.422840234375e+04 8.542168750000e+04 7.038077343750e+04 1.006846484375e+05 3.097461523438e+04 1.416536093750e+05 2.914077343750e+04 9.822253906250e+03 1.336397187500e+05 1.014462890625e+05 9.766910156250e+04 1.337917968750e+05 6.685978125000e+04 3.403117578125e+04 8.060556152344e+03 4.506559765625e+04 2.951555664062e+04
1.571082031250e+05 2.643501171875e+04 1.078839843750e+05 1.599953613281e+04 1.413660156250e+05 2.928287500000e+05 1.106171328125e+05 3.754744567871e+02 1.211020019531e+04 4.620335937500e+04 1.043605468750e+05 5.555944335938e+03 1.826841992188e+04 9.131771093750e+04 8.858553710938e+03 3.337764843750e+04 3.072100390625e+04
7.925700000000e+04 9.104629687500e+04 4.005826953125e+04 2.198341718750e+05 1.201974531250e+05 1.640399843750e+05 1.035452421875e+05 3.457884765625e+03 5.891901562500e+04 1.750803750000e+05 3.116773828125e+04 1.742445468750e+05 1.139551250000e+05 9.115446093750e+04 1.108287988281e+04 7.465364843750e+04 3.884945703125e+04
1.655982343750e+05 9.098889843750e+04 7.609598437500e+04 2.818231562500e+05 2.543648750000e+05 1.840804531250e+05 2.181415468750e+05 1.347277709961e+03 1.381956445312e+04 3.594882812500e+04 1.008963671875e+05 1.101188281250e+05 9.201604687500e+04 1.039357656250e+05 5.171707519531e+03 4.018058593750e+04 2.827672265625e+04
4.101316406250e+04 3.036747070312e+04 1.726824609375e+04 9.139436718750e+04 4.943071093750e+04 8.590201562500e+04 1.174960468750e+05 2.222045654297e+03 4.433379687500e+04 7.324684375000e+04 4.160925781250e+04 6.514900000000e+04 4.118591406250e+04 1.233373359375e+05 1.053614160156e+04 3.180399414062e+04 4.337271093750e+04
1.009949902344e+04 2.630062890625e+04 1.547864868164e+03 2.275867773438e+04 1.097143750000e+04 5.235050390625e+04 8.350278320312e+03 3.736785546875e+04 1.099358593750e+04 3.282918750000e+04 1.957215820312e+04 1.461097753906e+04 1.349772363281e+04 1.279879003906e+04 2.003244628906e+02 3.385819091797e+03 9.084113281250e+03
7.299548437500e+04 5.379043359375e+04 3.873347656250e+04 1.056109062500e+05 5.640176171875e+04 1.130314375000e+05 9.580188281250e+04 2.777558837891e+03 1.873999609375e+04 2.156385156250e+04 8.026493750000e+04 5.183420312500e+04 4.912295312500e+04 1.743969335938e+04 1.046279052734e+03 2.279478320312e+04 9.325364257812e+03
1.753511523438e+04 4.992576953125e+04 3.103627929688e+03 5.771446875000e+04 2.732003125000e+04 1.508961718750e+05 1.952632421875e+04 3.150265625000e+04 2.341860742188e+04 6.375266796875e+04 3.199478906250e+04 2.842087890625e+04 3.458228125000e+04 1.703866015625e+04 1.855958099365e+02 9.919166015625e+03 1.303464160156e+04
1.468058959961e+03 2.675413574219e+03 2.178405609131e+02 3.000098876953e+03 1.864782714844e+03 7.132745117188e+03 1.342000000000e+03 5.274944335938e+03 9.176331787109e+02 2.748062500000e+03 2.942743164062e+03 1.799165283203e+03 1.612656372070e+03 6.941693725586e+02 1.465488433838e+01 4.002825012207e+02 1.120797363281e+03
2.577411718750e+04 1.501770800781e+04 5.861964355469e+03 4.554055468750e+04 3.877494140625e+04 8.247221093750e+04 5.429036328125e+04 1.768574096680e+03 2.881757031250e+04 5.375538281250e+04 2.414992968750e+04 2.961026171875e+04 2.311513867188e+04 3.580989453125e+04 2.660741943359e+03 1.639858398438e+04 5.039368750000e+04
2.368966796875e+04 1.053770703125e+05 3.226734570312e+04 7.392286718750e+04 3.151932421875e+04 1.821502031250e+05 4.743461718750e+04 4.757707519531e+03 5.543479687500e+04 1.382357500000e+05 5.570011328125e+04 9.008730468750e+04 8.954740625000e+04 7.858827343750e+04 4.181264843750e+04 1.730066015625e+04 7.167894531250e+04
5.848161132812e+03 1.794372265625e+04 6.463966796875e+03 8.583416992188e+03 1.042392871094e+04 8.962624218750e+04 7.663611328125e+03 1.276446411133e+03 2.644987304688e+03 1.657858007812e+04 1.051389550781e+04 1.305900292969e+04 2.037727148438e+04 1.287958886719e+04 4.535729675293e+02 5.101933593750e+03 1.130808349609e+03
4.073331250000e+04 6.116821484375e+04 3.485154296875e+03 9.801872656250e+04 5.326143750000e+04 1.207632343750e+05 3.376741796875e+04 1.387114550781e+04 3.336898828125e+04 4.312994921875e+04 7.930196875000e+04 5.223217968750e+04 4.649154687500e+04 1.662905468750e+04 2.137072998047e+03 5.098283691406e+03 3.264736328125e+04
8.153902343750e+04 1.749738750000e+05 4.590312890625e+04 9.220582812500e+04 1.130115937500e+05 1.257757031250e+05 4.145650000000e+04 3.645813476562e+03 1.473911406250e+05 1.023061406250e+05 9.073217968750e+04 1.139007968750e+05 1.552510781250e+05 2.634594140625e+04 6.447347656250e+03 8.263491406250e+04 1.563578808594e+04
2.252450390625e+04 7.789129687500e+04 9.692169921875e+03 4.939016796875e+04 2.209141601562e+04 1.015105546875e+05 2.584898632812e+04 1.404612304688e+04 4.601241406250e+04 5.404833984375e+04 5.965149218750e+04 5.874386328125e+04 4.197460156250e+04 2.543692578125e+04 9.319927734375e+03 9.598638671875e+03 1.983065820312e+04
6.946780273438e+03 3.462943359375e+04 8.326375000000e+03 1.061088769531e+04 1.298745214844e+04 7.681278125000e+04 1.572354296875e+04 5.958510131836e+02 2.572769775391e+03 1.710867773438e+04 2.458372265625e+04 9.278346679688e+03 1.113601562500e+04 7.779735351562e+03 1.676573364258e+03 6.033325683594e+03 1.830569458008e+03
3.046917812500e+05 4.471266250000e+05 2.512978125000e+05 3.189122500000e+05 3.109273750000e+05 6.843339375000e+05 2.721547187500e+05 7.098301757812e+03 3.358400312500e+05 5.989654375000e+05 3.668951875000e+05 4.153748125000e+05 4.183049375000e+05 3.048100625000e+05 2.007595781250e+05 2.146604843750e+05 2.255852656250e+05
4.793039453125e+04 2.914055078125e+04 6.113758984375e+04 4.695248437500e+04 5.583040625000e+04 2.273359843750e+05 6.354954296875e+04 2.584015197754e+02 2.127640429688e+04 3.245931250000e+04 3.756513671875e+04 6.714282812500e+04 4.640793750000e+04 1.357377500000e+05 5.128923437500e+04 5.046990234375e+04 4.972240625000e+04
5.049308203125e+04 5.281855468750e+04 1.139669238281e+04 7.199865625000e+04 9.018395312500e+04 3.810854687500e+05 4.010869531250e+04 2.156127441406e+03 5.402453906250e+04 3.805616796875e+04 1.366657343750e+05 4.707817187500e+04 6.381962890625e+04 3.896948437500e+04 7.234910156250e+03 3.131463671875e+04 2.063910351562e+04
1.729274843750e+05 1.994618125000e+05 2.137100312500e+05 2.966517187500e+05 1.556692343750e+05 5.569711250000e+05 2.761900000000e+05 9.175408203125e+03 1.846920625000e+05 1.929178125000e+05 4.214693125000e+05 1.222165703125e+05 9.439460156250e+04 9.156471875000e+04 1.756842773438e+04 1.121400156250e+05 9.079853906250e+04
1.227770468750e+05 8.607754687500e+04 5.422521484375e+04 1.184590156250e+05 1.612378437500e+05 3.013636250000e+05 3.833392578125e+04 3.607175537109e+03 9.055286718750e+04 1.394217656250e+05 9.573535937500e+04 1.190023828125e+05 8.970123437500e+04 3.332067578125e+04 2.875751757812e+04 1.459280937500e+05 4.870091015625e+04
2.453998242188e+04 2.958483984375e+04 6.381182421875e+04 2.565747851562e+04 2.113485156250e+04 2.938175781250e+04 2.946292773438e+04 6.478389892578e+02 2.262780664062e+04 9.959540039062e+03 3.163843359375e+04 1.026046484375e+04 1.017582812500e+04 9.545748046875e+03 1.888268432617e+03 1.271360449219e+04 1.050737207031e+04
9.908996093750e+04 9.649829687500e+04 5.007666406250e+04 7.261885156250e+04 9.659157812500e+04 2.321213281250e+05 1.729370781250e+05 2.372586425781e+03 1.274844628906e+04 8.725457031250e+04 8.283447656250e+04 4.108981250000e+04 5.354976953125e+04 1.527626562500e+05 6.265703125000e+03 2.360695703125e+04 4.445710546875e+04
2.274550312500e+05 2.395047500000e+05 3.256652812500e+05 2.547492812500e+05 2.262831406250e+05 4.125465312500e+05 1.942046250000e+05 4.113186035156e+03 1.444376406250e+05 1.876002031250e+05 2.306304062500e+05 1.808150312500e+05 1.865923593750e+05 9.250961718750e+04 2.104542773438e+04 3.557368125000e+05 5.598117968750e+04
1.548970312500e+05 6.855647656250e+04 1.232594843750e+05 1.367198906250e+05 1.790254375000e+05 3.055460625000e+05 1.053474296875e+05 8.125831909180e+02 4.910095703125e+04 9.169185937500e+04 1.042421250000e+05 1.540449375000e+05 1.050312343750e+05 1.894905781250e+05 9.731115625000e+04 1.065539921875e+05 1.000653359375e+05
1.272552490234e+03 6.599009277344e+03 1.247787719727e+03 9.889308593750e+03 4.039324951172e+03 2.374085351562e+04 3.111704589844e+03 2.007967529297e+03 3.986210449219e+03 1.101573535156e+04 3.050561767578e+03 4.433693847656e+03 5.123073730469e+03 3.256904052734e+03 2.207884597778e+01 2.200581787109e+03 1.920063720703e+03
1.220660781250e+05 8.126396875000e+04 6.708882812500e+04 1.215038984375e+05 1.429111250000e+05 4.380084687500e+05 9.249206250000e+04 3.446241455078e+03 7.503025781250e+04 1.406791562500e+05 9.805142968750e+04 1.210573593750e+05 1.206285156250e+05 1.484017968750e+05 1.001945703125e+05 1.472493125000e+05 9.018291406250e+04
5.860221679688e+03 6.687601562500e+03 4.359329589844e+03 2.400662304688e+04 6.960292480469e+03 2.304453320312e+04 2.912106933594e+03 5.694591674805e+02 4.715532714844e+03 1.048489843750e+04 4.829599121094e+03 2.250170654297e+03 3.518902099609e+03 1.132726928711e+03 1.312685302734e+03 6.440604980469e+03 9.927301757812e+03
4.737061328125e+04 2.008295117188e+04 3.930545703125e+04 9.763143750000e+04 4.335879687500e+04 1.003230703125e+05 5.592144531250e+04 9.079602050781e+02 6.137371484375e+04 2.160197460938e+04 6.673048437500e+04 4.734405468750e+04 2.315495898438e+04 4.306258203125e+04 2.381577343750e+04 4.333864453125e+04 8.083809375000e+04
3.373907187500e+05 2.529009531250e+05 9.630843750000e+04 2.142773437500e+05 4.244011250000e+05 6.900125625000e+05 2.487713750000e+05 1.036326074219e+04 6.296114843750e+04 3.997068750000e+05 1.840900781250e+05 1.481599375000e+05 3.285803750000e+05 1.956263593750e+05 1.534593652344e+04 1.168714062500e+05 4.588757812500e+04
1.086655273438e+04 2.271435156250e+04 1.260707031250e+04 2.369929882812e+04 1.413518457031e+04 5.581096484375e+04 1.507650781250e+04 8.205678100586e+02 2.532707031250e+04 3.031308203125e+04 2.028911132812e+04 1.781649414062e+04 2.446840039062e+04 3.061002929688e+04 8.346990234375e+03 8.169677246094e+03 6.978085937500e+03
5.437415234375e+04 1.616218125000e+05 2.022732031250e+04 9.435681250000e+04 6.203362890625e+04 1.470171875000e+05 1.024667890625e+05 3.594613281250e+03 1.538768847656e+04 1.251523281250e+05 6.561105468750e+04 8.785748437500e+04 7.162571875000e+04 1.194054687500e+04 3.522713867188e+03 2.040005468750e+04 1.003589355469e+04
9.605935156250e+04 9.110717968750e+04 5.449263281250e+04 1.756455781250e+05 1.223421718750e+05 3.271188750000e+05 1.143532578125e+05 5.790426269531e+03 3.733260156250e+04 1.759550000000e+05 8.874914843750e+04 1.784750156250e+05 1.038153125000e+05 1.281407656250e+05 2.163323046875e+04 8.458571875000e+04 8.684470312500e+04
3.640669189453e+03 5.747097265625e+04 1.600189697266e+03 1.525978027344e+04 7.311671386719e+03 5.493946875000e+04 4.770822265625e+03 1.971743408203e+03 2.347542578125e+04 5.295714453125e+04 2.373799414062e+04 1.991710156250e+04 3.092895312500e+04 7.400476074219e+03 2.775817382812e+03 4.589903320312e+03 6.173395507812e+03
1.547695937500e+05 4.315486718750e+04 5.961107031250e+04 1.573120781250e+05 1.583805312500e+05 1.874544375000e+05 1.547123906250e+05 1.969662109375e+03 1.180349316406e+04 6.208909765625e+04 9.502717968750e+04 2.899125390625e+04 3.604071484375e+04 1.152971015625e+05 6.710705566406e+03 4.922373046875e+04 8.180239843750e+04
3.413185546875e+04 5.630853906250e+04 1.902971093750e+04 3.302387500000e+04 3.825482421875e+04 1.129987500000e+05 4.935486718750e+04 9.339443969727e+02 1.915259960938e+04 5.750641406250e+04 1.830896093750e+04 4.630417968750e+04 5.681075000000e+04 1.325182343750e+05 3.378182812500e+04 1.790135742188e+04 1.287289941406e+04
1.728231562500e+05 5.288652500000e+05 1.559784843750e+05 5.160777812500e+05 1.984197812500e+05 5.332045625000e+05 2.422567656250e+05 1.710049609375e+04 4.116004062500e+05 4.653937812500e+05 2.828043125000e+05 4.503908437500e+05 3.033348125000e+05 1.506500468750e+05 3.631792578125e+04 1.411489218750e+05 1.187413125000e+05
3.792584062500e+05 4.036981640625e+04 8.925930468750e+04 1.363352812500e+05 2.728271875000e+05 3.054753437500e+05 6.106207500000e+05 1.678540527344e+03 3.137218945312e+04 8.860994531250e+04 9.367677343750e+04 4.460821875000e+04 4.662188281250e+04 1.465573437500e+05 3.967797363281e+03 6.925092968750e+04 2.774603710938e+04
7.765015625000e+04 2.743486523438e+04 2.222593945312e+04 1.754339687500e+05 1.143911718750e+05 7.973362500000e+04 8.026493750000e+04 1.646799926758e+03 3.546032031250e+04 9.758830468750e+04 3.139261718750e+04 5.351851171875e+04 4.407527734375e+04 7.987036718750e+04 7.565540527344e+03 6.073955859375e+04 2.812455312500e+05
1.435331375000e+06 4.120947812500e+05 1.061964250000e+06 5.162497812500e+05 1.247024250000e+06 8.559253125000e+05 1.524058875000e+06 1.921203857422e+03 1.123360468750e+05 2.677817500000e+05 4.098344375000e+05 2.321440625000e+05 2.662229375000e+05 3.716333437500e+05 2.706279882812e+04 4.554516250000e+05 1.295598281250e+05
2.333021406250e+05 1.026250703125e+05 9.223923437500e+04 2.862947812500e+05 2.756369687500e+05 1.603921093750e+05 1.665015312500e+05 1.022056762695e+03 2.323045312500e+04 6.931503906250e+04 9.793853906250e+04 1.474442187500e+05 1.140574218750e+05 8.728496875000e+04 4.914868652344e+03 9.360646875000e+04 4.849858984375e+04
7.767136718750e+04 2.184040781250e+05 4.577465234375e+04 2.814707812500e+05 1.088069296875e+05 4.021540312500e+05 1.059730234375e+05 1.626414843750e+04 1.159394453125e+05 2.885487187500e+05 9.011743750000e+04 1.804727343750e+05 2.161302968750e+05 5.360515234375e+04 1.120175976562e+04 1.145955468750e+05 2.493512109375e+04
1.370957421875e+04 3.224481835938e+04 1.896329101562e+03 2.668216601562e+04 1.814482226562e+04 8.073185156250e+04 1.068782226562e+04 3.423910156250e+04 1.199086425781e+04 3.835244140625e+04 2.249085742188e+04 2.012450976562e+04 1.946823828125e+04 9.727465820312e+03 9.310157775879e+01 5.210436523438e+03 1.255516601562e+04
2.051790429688e+04 4.772673828125e+04 8.754000000000e+03 8.980777343750e+04 2.642628906250e+04 1.674792656250e+05 2.499453906250e+04 8.311294921875e+03 2.765155859375e+04 7.388092968750e+04 3.267205859375e+04 3.810453515625e+04 4.469579296875e+04 6.146954687500e+04 7.265137207031e+03 1.517543750000e+04 6.792140625000e+04
3.547775390625e+04 9.114135937500e+04 3.120662890625e+04 6.978961718750e+04 3.594056250000e+04 4.945005859375e+04 2.939639453125e+04 3.728040527344e+03 7.162323437500e+04 4.659373437500e+04 5.180278906250e+04 8.109209375000e+04 6.555118750000e+04 1.387261230469e+04 3.183922119141e+03 3.469441015625e+04 7.916766601562e+03
1.243888085938e+04 1.024531445312e+04 3.846906982422e+03 2.672696484375e+04 1.221186914062e+04 5.875527734375e+04 5.421642578125e+04 1.501001708984e+03 9.837241210938e+03 1.390167089844e+04 2.488360742188e+04 1.610115625000e+04 8.824916992188e+03 2.940057031250e+04 3.020395019531e+03 4.359512695312e+03 1.139456542969e+04
7.424927246094e+03 7.632121093750e+04 7.863303710938e+03 3.642757421875e+04 1.465002246094e+04 1.338811093750e+05 1.415218457031e+04 7.868447753906e+03 5.139551562500e+04 1.192986640625e+05 3.280240625000e+04 3.964681250000e+04 4.650162500000e+04 1.094625585938e+04 1.502078735352e+03 1.705898242188e+04 1.353974218750e+04
2.791461562500e+05 1.589890156250e+05 1.077408593750e+05 8.203260625000e+05 3.893567812500e+05 6.474293750000e+05 3.324580000000e+05 1.057030371094e+04 1.593384687500e+05 4.359486875000e+05 1.294884609375e+05 2.156051093750e+05 2.622960000000e+05 2.444211093750e+05 2.779168750000e+04 2.231027031250e+05 4.213458125000e+05
3.192241210938e+04 2.920595312500e+04 2.576674414062e+04 6.486951953125e+04 4.625619140625e+04 1.381685000000e+05 2.637847656250e+04 5.619075317383e+02 9.215242187500e+04 5.688756640625e+04 6.288794921875e+04 2.949810937500e+04 3.478002734375e+04 2.029607421875e+04 3.783709765625e+04 3.459090625000e+04 7.949703125000e+04
2.586541562500e+05 1.130846093750e+05 1.093691953125e+05 1.507884218750e+05 2.858100625000e+05 6.918496875000e+05 1.889172031250e+05 5.710535644531e+03 9.611257812500e+04 7.804481250000e+04 5.713935000000e+05 1.151022421875e+05 1.213209453125e+05 1.004489453125e+05 2.506631445312e+04 1.118086953125e+05 7.282575000000e+04
1.302835781250e+05 2.638138437500e+05 1.258311875000e+05 2.082314843750e+05 1.737200468750e+05 5.818760625000e+05 1.993154687500e+05 2.681775390625e+03 3.195604687500e+04 8.042742187500e+04 1.892725156250e+05 2.084985156250e+05 1.915892968750e+05 1.121637812500e+05 2.408222460938e+04 6.197631640625e+04 1.296347363281e+04
2.289503906250e+04 2.254563085938e+04 1.296739257812e+04 5.253666015625e+04 2.642633007812e+04 5.900371875000e+04 4.840181250000e+04 5.540433959961e+02 4.029814453125e+04 3.244973437500e+04 2.161397460938e+04 3.673083593750e+04 3.002794531250e+04 3.916917578125e+04 3.229462890625e+04 1.763145703125e+04 5.199400390625e+04
1.054181250000e+05 9.908450000000e+04 8.931570312500e+04 1.151684375000e+05 1.230865781250e+05 2.581107343750e+05 1.139577343750e+05 3.205970458984e+03 6.147569531250e+04 1.318192343750e+05 1.000731796875e+05 8.833541406250e+04 8.427760937500e+04 6.329601171875e+04 2.290634375000e+04 4.669866796875e+04 4.714633203125e+04
1.980880781250e+05 2.912162187500e+05 1.503748125000e+05 2.134001875000e+05 2.248552187500e+05 5.858544375000e+05 1.991642656250e+05 4.122515136719e+03 1.951871562500e+05 3.668794687500e+05 2.463999375000e+05 2.572559218750e+05 2.724854375000e+05 2.636439375000e+05 1.358925000000e+05 1.280833281250e+05 1.400195468750e+05
3.976671484375e+04 8.932022656250e+04 1.955004687500e+04 1.717099531250e+05 5.317939062500e+04 2.004633593750e+05 8.172530468750e+04 9.983434570312e+03 6.282887890625e+04 1.522082187500e+05 6.501002343750e+04 1.116453750000e+05 7.068526562500e+04 5.441202343750e+04 9.866583007812e+03 3.335504296875e+04 1.461611718750e+05
1.603576562500e+05 8.531593750000e+04 8.032217187500e+04 1.470103281250e+05 1.441113437500e+05 2.920589062500e+05 1.034555859375e+05 1.261316796875e+04 1.771482500000e+05 7.310697656250e+04 2.351688593750e+05 1.003331796875e+05 7.195699218750e+04 5.370897265625e+04 1.510662304688e+04 7.902253125000e+04 6.386472656250e+04
9.637625781250e+04 4.501036328125e+04 1.062000703125e+05 6.057246484375e+04 8.219891406250e+04 4.514958437500e+05 1.488470781250e+05 1.398323364258e+03 3.630385546875e+04 4.375208203125e+04 3.013489375000e+05 4.911578515625e+04 5.110660546875e+04 8.051939843750e+04 2.561335156250e+04 3.394148046875e+04 6.531796484375e+04
4.468975097656e+03 4.193948828125e+04 2.906220458984e+03 3.793031250000e+04 1.555101660156e+04 1.149765000000e+05 1.443064550781e+04 8.195511718750e+03 6.691321289062e+03 2.926265429688e+04 2.156703320312e+04 1.443726660156e+04 1.499558789062e+04 6.907583007812e+03 1.260827178955e+02 2.433112548828e+03 5.824487304688e+03
1.493811093750e+05 2.199835156250e+05 1.277760390625e+05 2.209433125000e+05 1.485643125000e+05 1.286572656250e+05 1.477332187500e+05 2.954905517578e+03 2.206257968750e+05 1.971758750000e+05 1.007589453125e+05 2.537651875000e+05 2.011509062500e+05 4.823285546875e+04 9.897773437500e+03 1.465111875000e+05 3.102188085938e+04
8.565147656250e+04 5.813460937500e+04 1.543388867188e+04 4.650383203125e+04 8.952596093750e+04 4.269430312500e+05 4.831528906250e+04 5.856266601562e+03 4.058961328125e+04 4.297869921875e+04 3.198849375000e+05 6.356791406250e+04 8.051986718750e+04 3.535973437500e+04 1.172150585938e+04 3.916157421875e+04 2.202213867188e+04
8.435333984375e+03 3.659361328125e+04 4.590156250000e+03 1.546030468750e+04 1.592144042969e+04 6.222491015625e+04 8.864755859375e+03 1.886520629883e+03 9.144465820312e+03 3.975564843750e+04 8.210916992188e+03 3.271276562500e+04 2.868347851562e+04 5.698295898438e+03 1.847591796875e+03 1.100089257812e+04 2.096056884766e+03
2.885146562500e+05 4.619561562500e+05 1.068962421875e+05 7.895698750000e+05 3.598540312500e+05 5.860305625000e+05 2.875085625000e+05 2.392245312500e+04 5.107794375000e+05 4.930324375000e+05 3.212714687500e+05 4.317402500000e+05 3.954566562500e+05 1.476901093750e+05 2.158023046875e+04 2.112271250000e+05 2.002191250000e+05
3.954053906250e+04 1.480401250000e+05 8.518579101562e+03 9.610261718750e+04 3.699365234375e+04 2.080555468750e+05 3.791895703125e+04 6.267203515625e+04 4.687152343750e+04 1.011243984375e+05 1.171466328125e+05 6.190583593750e+04 6.811007031250e+04 3.727171093750e+04 5.811116210938e+03 1.194548925781e+04 2.739526367188e+04
4.227702812500e+05 3.124583125000e+05 2.026308593750e+05 4.011677187500e+05 5.592170625000e+05 1.500902125000e+06 2.572471250000e+05 2.268816992188e+04 2.071831718750e+05 4.509878125000e+05 4.414225625000e+05 1.832253593750e+05 2.790120625000e+05 4.902963437500e+05 9.667071875000e+04 2.128710625000e+05 2.309985000000e+05
5.595592285156e+03 3.369658203125e+04 2.003366455078e+03 1.620903710938e+04 5.828819335938e+03 2.571028320312e+04 5.222580566406e+03 5.762265625000e+03 1.278821777344e+04 2.256478320312e+04 1.532948339844e+04 1.446570214844e+04 1.264299316406e+04 6.860750000000e+03 3.536917724609e+03 3.064118896484e+03 5.591012695312e+03
5.461619140625e+04 9.493783593750e+04 2.582152343750e+04 1.679204843750e+05 7.829835156250e+04 4.331254062500e+05 6.639970312500e+04 2.880630859375e+04 9.979600000000e+04 1.680141406250e+05 1.390901093750e+05 1.187279062500e+05 7.862263281250e+04 1.263492812500e+05 5.478845703125e+03 3.720832031250e+04 1.193845781250e+05
1.483207187500e+05 7.240001562500e+04 1.144601171875e+05 8.311371093750e+04 2.041568906250e+05 3.630579687500e+05 1.112453671875e+05 2.968101806641e+03 3.601177734375e+04 3.384642187500e+04 2.690509062500e+05 2.890656250000e+04 4.091058984375e+04 3.786300390625e+04 1.226155175781e+04 7.335500781250e+04 2.468621484375e+04
1.089532656250e+05 1.043075625000e+05 9.271752343750e+04 1.537586406250e+05 1.299002031250e+05 4.934698125000e+05 1.464499062500e+05 3.340654541016e+03 1.147847578125e+05 1.429258593750e+05 1.448192343750e+05 1.829045000000e+05 1.604095156250e+05 2.431951250000e+05 9.810763281250e+04 1.061149375000e+05 8.473321875000e+04
